9900
9900
9898
10
2
10
10
0
1
1
0
0
1
1
1
0
2
1922
3020
1172
6278
2310
413
3548
2201
2732
2055
3134
8878
471
5141
4996
7297
6410
56
7140
6015
3863
2099
507
4192
7899
4196
5794
8499
5835
3901
3059
1627
3140
5687
3672
393
7867
4025
929
3994
6073
4857
4192
595
5975
1642
307
2111
4955
3621
1060
1009
3338
2631
1278
3173
4620
670
4143
650
2241
697
2055
5443
1806
2915
3342
5282
6570
1792
1282
4458
6922
3676
6737
3502
3984
6255
837
3768
2195
7927
660
5136
3076
4772
1511
4621
8520
809
376267
716540
495189
941505
620340
228548
173756
152363
628856
905938
871145
286176
583226
713535
324347
975848
524452
287319
329636
226262
74239
47177
807942
89209
414952
58647
548282
26554
950986
177637
871361
215636
675962
866677
497712
818067
728030
412393
440975
593774
31394
30643
715718
417042
700924
469278
293633
566200
683050
236793
726830
490835
753968
427115
207026
28841
657375
741948
678796
36452
894598
892948
573297
835833
361949
811141
110943
400307
830559
875529
702962
309587
16297
775216
28791
75414
663045
311012
84476
104460
844257
851731
338145
11363
175736
37877
572053
354445
680053
50636
121340
460441
407543
22098
176428
303886
896508
502813
461300
610436
772158
473072
766435
466780
751984
243758
404221
642619
213146
27191
356816
236918
300073
123267
866241
304765
711122
475624
369090
376978
38887
337911
34153
88995
424376
675659
903893
490724
575729
307262
219536
357166
691323
359875
929592
371208
431744
652352
473864
36102
595328
364108
952550
502038
711031
892675
836620
112181
320551
694111
505662
874919
636068
241444
490847
780431
754678
673446
768857
270389
546711
424397
573412
27791
400351
65933
233414
277449
383073
789637
330057
323219
102526
410440
881262
712566
336543
938335
113298
103509
481351
651576
94764
469044
320046
955489
755918
170819
736568
644834
923143
315871
606301
239159
396777
631010
823314
515218
863725
699062
260082
434274
795976
486967
807929
268033
408521
548164
395754
798357
418035
147457
623701
165114
120730
986581
475476
539624
486201
182358
818482
929645
971080
163101
590670
85479
304464
2329
624106
377460
470069
135024
158791
619951
223697
220404
231197
473769
369351
638709
786610
154620
41649
197924
342443
664865
845180
454402
505781
178207
599205
304412
528180
429298
677511
85450
696807
8687
183663
520822
341102
23097
714789
425901
734421
140325
349493
499645
668538
637145
610841
537324
255373
777107
366285
306424
908905
530419
616177
27721
318520
891206
6035
723992
308382
386209
726943
705705
781597
379640
693315
265508
782034
937755
306932
528727
211343
365239
337800
588242
448418
748103
253460
270075
167891
759449
19372
600423
25148
151290
433480
339691
118768
763176
658475
921048
293036
539069
853027
829478
214690
119208
171021
632165
872926
297464
593631
515416
293341
2645
14107
685506
109746
97366
310233
798697
869871
777691
654910
638522
951894
566288
813331
858248
346502
461872
907151
581880
514915
736487
708232
200169
237620
177444
468887
147072
323227
760933
373
154424
10415
26518
63927
91471
477577
222397
341936
300357
628246
514056
920499
272137
791039
718315
175892
68663
763348
466366
781093
221971
910246
685969
259238
827209
710594
651761
126352
564023
616445
312843
400253
737298
96536
619966
845707
91008
62206
124993
242041
76615
603629
50799
463042
525862
953921
559250
962421
839662
472435
85985
684235
191636
635599
501038
436055
531076
6690
48088
689359
187172
190026
145300
702143
874581
396063
454111
424362
552537
485924
162433
976389
222309
116209
147861
321231
565459
652906
366319
831070
389463
270737
131513
671243
197598
564870
876776
577228
70502
97600
292436
251023
440084
287007
98353
494183
349976
865095
26086
606573
351213
711282
617642
498769
185072
351790
987420
269000
226085
457915
191117
721759
517372
877950
350672
52514
425034
705894
506912
834089
185260
298002
41099
169381
703626
65755
39296
882169
444826
909074
831855
776435
255914
441437
152424
184080
260494
421436
663473
351522
874557
487796
743037
365145
111640
732262
465976
391912
208466
944316
227867
762510
651275
387164
426259
660506
717975
925382
241785
232807
477644
856199
632300
761741
549303
388715
798447
87248
584875
522459
687252
326997
500042
408741
458298
607694
583972
608405
909511
109142
715469
412604
203099
251939
577383
574956
793208
604425
180461
428316
226716
323138
503057
218021
774941
140911
145552
131403
879503
781155
900252
475016
606111
825505
99797
515473
234379
153081
913975
33674
660507
428628
42160
197722
536969
302717
475190
256262
436882
384343
708704
74607
224423
238122
923676
247526
464630
718855
297916
772253
568679
821899
322621
164115
864118
911848
427677
268273
134065
193957
375470
203835
157291
730704
378723
694170
962393
711324
676187
578562
159635
466599
340392
29145
324082
574490
791940
769120
645749
661376
217960
354539
3752
458307
167089
943003
143089
192669
419892
703733
546123
46804
457318
450367
883565
144786
582805
748391
289249
553278
522854
118580
754722
243974
325460
533525
403732
225220
360956
689855
707621
485086
440730
57799
155205
720192
576342
548234
324991
133207
354249
719625
55831
461283
159516
111557
237503
100955
413199
135709
447491
458945
29984
921574
259078
740588
709181
245411
652161
901365
198673
537845
717875
325349
255445
337834
810820
566257
257398
733492
534350
753058
892543
412603
907422
826164
576994
699151
251302
778940
953493
882150
211476
706307
197630
448772
509935
42359
130095
129338
215422
172717
574028
516798
344675
498885
426230
294441
464604
193540
699545
635204
663206
314763
36858
70463
529377
462199
23245
641796
814823
954871
698599
598874
237431
477253
21325
848952
102420
257345
188737
45075
507154
651525
92916
601834
82654
163094
311671
42490
124606
339707
237945
695472
293601
513214
625330
138454
11008
534843
184126
615428
585428
641475
914958
206162
345496
360627
537373
64388
741940
814432
769564
905323
787685
396412
785676
557945
199131
619859
749075
978372
172162
768182
39036
710213
599421
477101
703741
412578
539778
423164
937492
391073
583309
368209
542755
639910
495261
289086
137069
672526
668036
791125
48470
784715
218267
622350
481424
442661
366869
643461
425855
218765
888921
649390
398211
272686
226313
99705
910570
476000
322280
734457
797557
493936
340657
134008
453610
698663
562265
531644
38837
128654
686472
919138
593128
647485
350225
185845
473028
130173
257385
848828
962372
144467
897090
540543
345534
546051
571618
618331
772530
199413
121745
282361
207696
403651
518032
260373
247226
697074
575662
843793
779961
3501
176906
657377
548744
107676
218218
429136
184839
202234
12519
679446
367332
242022
262455
436322
504904
179859
445594
475783
117757
743771
563378
20120
72982
120082
174129
698545
432698
979084
890106
488080
543944
800203
856392
595719
566109
841297
369590
217376
597107
77516
342896
46932
217985
736112
554612
48500
780205
93522
886605
774762
667383
715086
340358
474222
802318
642191
51623
221271
225264
597968
312471
197703
116144
605734
752712
256370
924868
171388
209877
631384
273479
737644
807014
475373
330662
724944
732524
820503
501498
863423
482770
49071
453297
526032
176400
762768
677739
680489
495196
706330
273826
139633
481632
522805
283656
339887
16644
237900
861017
349137
589532
556819
872048
241599
822960
319597
680400
717431
310916
62233
353647
359776
286027
11940
460431
585919
246979
893123
217709
842800
324858
849158
156880
795349
10111
277548
389593
389275
33094
27519
784283
288051
383005
242451
919469
152747
761189
627882
664108
443481
671214
369762
627461
315668
703406
945534
635414
10530
419493
239735
397687
112023
672949
99262
275363
328574
777440
22653
589861
692630
124098
722092
54968
104347
298927
576492
650427
963246
579807
718062
33359
389865
468397
397980
681058
144281
524435
843712
715210
42546
537075
371603
357160
239792
74221
608110
687148
653370
902414
170663
916910
725832
443977
550857
140388
137419
782863
65781
968940
682628
238434
486950
300171
205439
499715
39886
508729
71451
725180
455460
511319
172720
785344
404403
402975
424476
929261
299050
565197
391968
934684
323941
562373
935196
255040
838453
347003
114860
781197
530639
904058
808467
404540
238842
240394
584826
186701
955544
900548
93231
152536
168513
220161
964530
75651
634956
793088
47584
456083
762650
622687
814526
581556
537767
950924
246239
909675
506673
406184
625548
676466
263107
47200
670189
506124
204446
917283
802907
366399
615813
431992
919827
209488
620948
516245
54397
751519
462601
58644
830756
79204
738417
265104
678561
388285
342015
765064
982812
154666
764029
577676
663734
795956
549256
353663
163917
971789
795782
311417
558023
758771
104056
139683
612236
233602
188333
349961
514644
345089
434905
986755
3851
41408
171962
780095
32266
574638
250584
110950
402162
825480
14229
839210
235052
408423
474934
200224
111451
12798
887106
605597
409657
180292
836386
209168
226906
124371
808246
552344
338707
88782
872252
711286
422826
33422
25651
649855
533783
269872
504051
543499
46034
506057
249795
435923
519681
781020
441491
152426
296026
104679
184336
245293
545075
485562
105947
642278
134388
692983
28891
574870
27625
286298
839755
922777
921383
729041
7445
350644
550042
562826
292077
654402
657144
912557
687443
631832
517197
578336
601244
624502
246936
843258
529457
259720
693105
529891
80205
116578
746149
806470
445559
521511
135372
624825
884471
379356
778425
565841
312754
161917
196569
856387
167452
557391
816482
145076
960656
703977
854318
50746
704793
777785
12754
329152
758394
587065
437263
996185
416400
470744
346905
343213
212945
333108
203190
14500
266711
621496
475376
346596
540541
347190
708040
102645
473126
249737
895815
835433
566728
105100
926518
769992
863495
44138
640246
675289
476652
383561
79680
639747
371664
590018
600866
351208
920760
227425
177054
485478
377603
593301
329744
497117
678307
477577
753222
129016
340381
779906
817492
3932
166169
387687
618096
832126
239541
417982
9233
107443
443496
828129
70065
583046
613027
324435
677703
828753
705047
537285
303621
140674
196441
840019
115209
287861
526478
524769
732615
247158
870990
415412
786432
6037
214840
751603
237732
926249
158417
949231
304643
820673
35437
368105
493626
38613
697240
948593
224730
136083
374859
224345
714511
925971
277089
761902
399823
690584
125588
375302
24004
696342
809503
108670
522499
758300
536024
906149
820254
670047
48111
867550
60562
221065
488650
540932
318786
768611
166735
49636
200339
716724
640173
791605
605397
92346
696386
736677
447367
30420
550653
134964
308235
446063
862331
507442
152858
424929
317062
801600
136460
262035
231003
916370
722957
751806
797329
361739
350817
363029
311865
38111
542582
293993
571412
264908
288676
151353
654795
60579
855047
464144
367723
287846
512433
10990
110419
805717
733962
82345
325548
461342
420513
555565
4693
753548
564373
575266
463875
793792
473266
698526
647170
812727
943386
13378
829230
863635
450990
26768
935599
442970
621347
724095
445915
875837
821963
570268
97950
820019
738282
17903
641743
680734
861626
179694
687265
233188
741615
602674
282242
744712
169643
643377
15470
573443
710265
76673
798463
58875
266478
432243
194092
390289
495975
565492
917699
712217
320271
470424
444650
607551
541123
856125
643852
554335
429699
644681
801562
401395
380471
873668
870691
64308
868453
666062
125542
535521
738857
335691
159711
547902
409378
62954
910779
199315
902692
544438
657004
614923
633599
613441
211843
45463
643533
121097
568752
866404
525066
482610
936406
766677
727206
685236
637789
431682
128516
287519
909768
17517
832968
899046
813387
197392
259829
649068
273936
677203
906883
640561
860895
51736
793103
374485
399886
64849
953083
51343
873197
748873
260690
33250
171660
96007
678616
173764
518562
388840
345717
685643
651007
808710
470175
277465
941712
182777
963086
549103
31578
627456
576777
875040
216092
236705
79971
552131
298459
538443
64899
492828
255974
116847
538763
637568
706802
874178
602704
387388
903200
901004
459314
562414
727155
976611
153705
850386
396696
313340
126283
113436
473375
564671
68902
774074
283066
545775
385460
555728
273202
439710
22661
230301
791930
886398
155322
867167
426427
476408
838187
698888
442209
729321
514275
342696
739056
369858
194868
364346
3197
858171
804511
265972
934390
342036
319305
654340
863690
736942
493838
961200
799731
406949
853222
811556
403486
62785
846467
744963
513269
70833
172759
584094
40538
359967
912863
748310
833073
606584
306663
194229
804185
383971
982064
707746
258750
195843
707156
225515
3203
88875
846317
522403
315805
166729
789363
811121
591567
901905
50603
778243
254004
518884
917445
847111
770375
3810
807989
80213
878086
395753
412189
112809
250099
43019
587246
717441
740243
516696
637303
928346
641637
753592
257471
596452
509923
46973
939208
593578
539115
934459
139595
367548
103025
518407
56489
813487
60747
709709
278897
287353
189637
470391
43005
660698
660003
335674
460911
667683
499006
91502
571236
889867
694856
736751
511299
99093
806388
589723
466291
268022
779722
808426
64713
9698
424705
952692
158687
268433
827362
489734
72098
610014
211252
321272
899848
207629
287165
16610
420692
227957
630784
391863
317495
722224
230178
527647
362282
777570
654507
760512
917851
407070
620729
889546
505639
200929
568870
834596
771471
191210
104775
377639
432340
255157
911690
581837
973378
598100
118398
854868
318338
568059
784274
243995
33164
197760
833056
922090
519299
292748
350384
336754
455673
705200
52890
199902
206999
447389
286811
453230
124545
596081
103348
710797
436233
806000
481099
914492
242361
261478
714238
796153
794669
282111
571238
437751
580836
552258
219108
852316
655137
232474
811498
842826
233397
68547
585484
132700
259662
411798
316838
951835
53516
527591
12414
286916
779949
425330
551202
575665
155864
244318
361150
471428
147047
136824
686484
23523
427103
472407
362356
432214
852642
624263
855238
557534
810822
511420
39698
895599
928767
332674
126813
168007
762562
350627
967039
528776
480173
488133
877684
223316
53715
401206
564402
407495
933591
310617
89119
29203
112222
319222
494785
77624
350536
563430
485157
267328
519991
825394
475662
800903
949310
517042
626801
331650
133888
792877
131536
246707
519165
701213
343395
71680
39422
626553
699059
493754
896763
36402
513126
401165
423647
551672
351802
660880
848050
10747
402253
498615
132591
280698
216152
576217
178648
529109
4874
146675
721072
80316
114049
327307
489141
411744
255519
384818
59463
271925
825049
317795
750756
711432
527034
469293
126981
614198
959386
667939
117160
864757
153135
307037
18446
103278
835157
189146
338731
262066
560951
837640
435415
257565
119600
580679
550453
71925
771272
50952
654155
369432
884481
442151
500031
608896
276675
713262
154138
520131
432532
406370
399778
351752
694718
826486
300538
771696
958640
710171
513289
339598
37356
908670
883385
228160
816784
836450
26779
768274
16196
171353
278663
833405
823500
343427
365704
149278
773779
850509
704963
889942
138159
630116
7888
691497
765694
717647
551535
916217
345699
763337
27431
88497
605167
37899
40968
552322
467485
2570
54005
310788
519640
467843
521173
552955
106890
426874
619150
711709
724718
574530
21362
307838
631853
445392
341025
275251
101294
108113
79819
481240
502444
820422
792491
452656
299061
482792
413973
151883
523237
273668
11712
807841
696045
412329
334944
613396
600565
301127
119560
791855
230638
172472
624106
238473
435565
234557
838170
57134
64120
307867
109175
748318
963049
243535
605075
676878
192430
678990
728755
7570
494856
233327
163753
327674
554930
720942
444347
736130
844220
420912
281587
683207
944572
154576
382083
266451
738591
303338
340781
504249
49040
473825
231328
869178
401753
571821
133010
36395
85819
361158
530058
171296
191377
960325
395156
69915
182468
475594
280685
868903
693118
404908
142514
856489
409963
934753
878908
99323
13203
815969
301389
469665
223559
275879
780998
32283
318390
149578
838455
31750
599792
532964
851197
48996
730874
139990
625886
749110
611050
781230
777601
563315
655503
127980
663553
364627
740025
893113
284110
819768
570895
721305
473267
23608
908322
737420
40521
167808
121484
219804
739373
277139
578929
412451
890059
497327
685362
115576
235558
174647
696080
539917
309960
6824
667542
421065
935169
243775
149391
226536
687032
533855
139950
3434
782207
733090
822807
97641
65158
209194
284355
260298
278635
280384
629092
889215
101912
529829
772493
901322
797203
556953
781010
188286
120269
815527
220280
355875
789482
818396
597968
344193
169526
319161
675888
363568
207662
396272
264671
506056
413862
227430
206640
176868
797168
585475
859498
142650
428206
264738
71276
15913
165098
816669
413801
320816
403528
692924
132925
943489
468616
556008
863897
254520
506036
429443
36287
552010
742389
360436
614476
510177
263710
234535
124527
810600
847817
528311
568475
511433
715970
223412
457046
118603
359240
680989
12899
847728
862056
378075
634918
552601
261203
444500
778294
876183
489182
235763
112086
691824
742646
861442
11990
300670
181240
261574
800019
12116
707702
110209
703185
183564
351837
594908
786750
484520
934526
871562
328778
208965
29365
379346
370772
669958
135230
932913
502415
222603
637164
411528
697121
72508
55289
437081
40247
404887
572881
629195
28384
193719
119792
38213
761533
650868
483230
748333
436704
273548
422978
435816
467391
678357
111592
447754
176715
277624
77027
53839
283253
364611
686115
626390
130484
684873
758871
24880
192667
839795
697526
295982
491076
600715
101665
528014
470375
657080
271082
140058
684424
506537
391687
923349
641667
191519
52249
555232
518347
183818
376627
426247
549156
520276
383352
893616
691759
785388
419625
845603
497782
605195
382456
631475
357966
67958
578087
39648
931749
498110
385036
218491
671990
402388
127736
168475
799780
742655
258959
797904
793464
335269
980631
372455
471207
34508
805818
673747
439866
488129
588501
693628
306569
610110
452547
180172
18801
24543
614640
824778
713946
219752
893804
491740
715988
790555
827647
494328
178401
460044
73901
537903
725499
132451
14030
799753
941867
490027
864370
173548
241026
803045
950402
614643
946870
441069
237616
645918
791551
194154
42990
786577
603120
890842
257597
627204
298721
40315
185024
545158
236928
622281
758572
351265
648070
454085
228828
683141
824097
681998
261130
136252
592838
355440
370213
109002
838284
397470
505971
865728
35326
379666
103901
709051
84701
662138
732284
224433
348213
842833
121364
749275
898790
677997
510585
563635
907241
629046
53553
413678
330334
866260
582486
719271
649226
148507
795005
132092
379731
352290
404843
441804
602392
385206
580253
355586
799045
519943
194410
250486
489927
918148
796121
29961
768175
231090
414200
678936
960706
3308
637073
184426
856115
146413
406691
807923
772122
826109
86328
406326
225796
242165
794221
179254
308700
706186
719450
297495
358323
625944
330894
345975
555185
354642
186776
2160
17897
420397
531353
220070
444677
874497
857611
239141
108089
869171
651755
419074
913732
238158
605157
612381
238617
745434
587085
120423
659593
890119
313357
379119
2317
523970
873390
671688
873166
313359
43017
677082
879718
597374
231862
539563
298522
722970
224078
15946
226509
88312
72216
529496
133420
267869
742387
838007
299345
400692
900049
46186
510605
379973
840985
79473
917986
628820
778223
621391
701621
543502
508972
621375
299504
815757
89211
929084
353683
913430
187656
424628
809526
857914
176796
229327
334990
794945
610250
64121
727376
544394
126144
41364
279265
352363
618655
64405
375385
508394
440803
459220
488244
617373
140248
551719
250589
666723
801316
386331
106187
66720
716933
277114
766174
138631
518585
449882
412006
721353
859664
310161
312165
171828
838412
60532
860564
792819
691808
845170
744664
767970
783170
148090
645748
935250
807164
610452
330362
341930
696589
914258
550141
893379
367668
324054
380427
317568
790864
252420
684952
644049
281951
882161
908146
38027
224097
709699
78931
771412
451884
424357
287076
680805
220369
830220
524088
346894
851368
518413
8533
733844
409948
260132
828456
798645
583420
440874
796335
56376
556336
871983
870209
435613
302096
861705
249503
640750
313844
543419
710477
507
807976
130588
502208
587686
351928
407015
167228
942057
616704
663917
832298
941162
924773
26768
14171
221977
35915
298169
731872
715602
297178
140269
868368
697648
201561
970960
696060
941627
763146
872567
349426
184110
290292
369911
400292
177462
401925
710090
520597
714658
520727
857378
740017
660001
671891
610581
680288
324892
707051
807371
845408
284284
887565
400828
238138
853190
524617
616804
298050
224784
248025
901052
158148
271636
241392
242001
534046
290338
793949
429393
977208
732104
230719
143021
845161
681813
629650
220106
332907
614369
93310
397564
261886
568501
327434
352459
205959
552638
274053
441763
723436
299459
187976
656924
596751
615405
450224
522810
215996
827252
38608
737634
962086
691619
242156
373458
627316
306445
308325
103174
411697
243763
531134
514239
141032
383918
314236
453738
232832
661516
173696
158362
250930
741426
534195
492096
489749
346204
211029
780763
237163
124998
601523
860211
596257
370320
267968
737794
982110
265401
38635
160373
562355
210293
228270
870091
781522
716763
366102
307895
403505
179901
163181
541993
654511
413634
769138
913822
805895
591768
524183
610321
584229
807540
54094
163688
674181
938016
442052
291072
668931
751490
68310
313028
790909
587291
433187
765054
796052
225866
74618
322534
755356
170657
869138
309128
765406
183625
83609
433791
387531
392684
236469
188050
802043
912147
886409
920033
458819
501024
838552
775203
781573
333948
483951
169182
32902
33068
522631
464326
69095
248936
267930
805863
679852
705682
838453
229718
567296
874449
611726
38743
212158
790037
358264
164211
451021
247249
78945
188012
758400
854327
21352
293772
820914
663066
21922
462355
91809
828491
222578
507850
228996
906754
413096
159673
693023
313063
367012
638947
144792
477545
858057
415402
436146
52736
902084
470573
854868
180436
299956
912172
321944
856478
562013
704649
138821
65472
654846
600816
451252
432288
724254
961119
144478
696016
958111
470314
506298
71011
394142
949336
359679
542061
198519
664553
826112
294954
195702
705890
380142
211260
404669
526201
18645
177894
253606
347265
811741
117426
268695
494868
276756
293235
339099
150016
187512
527558
325513
343004
797952
384952
888249
892440
228490
299959
459116
658524
63377
644792
799419
745665
110107
771115
183450
744026
273559
803910
27368
399624
79798
808878
442228
581209
110828
387535
815454
212015
447138
55084
271166
757654
402707
653345
336891
337238
897654
600134
752138
495030
809538
99707
592474
487225
834699
871918
753507
177202
778695
456260
60218
573751
114746
815440
752250
517790
754531
624774
830088
78745
480871
450960
46725
921841
395224
858620
510281
261220
260684
649176
402007
447482
728062
683753
414864
874989
267881
335432
422009
419651
378668
438432
572323
741941
718033
934527
790234
36862
602143
31986
382054
114649
888266
227901
868232
494052
213580
15812
176098
740355
150995
313850
394108
205112
283424
728183
227497
92059
198477
553946
537841
384026
117479
123905
706536
13377
331519
805913
451952
643058
637311
562432
673076
322688
751062
673448
28592
825454
653091
137184
495985
955500
435631
876338
643761
80825
802697
561993
89833
180524
523840
528359
415124
289812
943635
332177
328489
674700
475825
890489
380123
142117
299385
169845
343170
158613
296641
605257
165179
766774
983030
97230
805655
691107
574134
899977
833342
897195
898945
19118
731118
834922
277825
411802
181429
583304
343849
236856
598972
583994
728693
221423
468176
217562
889299
121217
163087
221639
883660
758390
617463
242145
819556
138828
731905
338638
641331
434063
447553
834696
243743
186221
56559
228551
146720
366344
278963
160477
320585
466262
573499
535872
179197
420195
661038
247185
493087
19751
794103
515363
523671
861994
308646
516925
469070
218711
580318
872746
48641
495243
513084
640232
628493
691197
141433
149943
472935
815257
797401
131246
687489
109935
289744
575622
474686
368990
754376
335027
518372
806303
811302
690989
528479
669909
643313
228159
616625
561041
260718
147093
489359
118049
231003
263047
201878
424913
21232
836936
592164
383162
134454
494844
57716
490289
272002
305971
148386
568689
526381
665155
137675
575268
436369
544258
851543
470618
764422
435882
472450
420284
680342
523379
4643
424849
368682
286356
531699
905712
213428
351388
569363
875604
677507
751487
641837
584797
421217
514793
888415
19323
138899
194650
425524
580331
715862
238117
310341
594345
911648
271157
943799
629563
770855
590446
968833
431223
681531
652654
939366
469859
14664
18378
926792
878465
506862
8414
459785
176460
737674
846350
853573
653042
421664
670312
717689
910173
258430
538414
433663
740630
274222
680974
695126
822025
178301
434077
313234
32981
416901
793669
262785
842643
567894
178398
727239
262655
13803
845354
692839
814423
438597
407535
737822
89380
838048
188410
357562
331067
127142
720582
133090
495829
497110
427056
423751
179556
720119
529328
312492
610599
276790
933848
264310
329502
710519
821845
7369
900947
699195
7658
6368
366968
768322
683219
869381
397160
455399
617875
942532
514778
806667
356781
152126
209695
346862
790902
343741
194011
865187
113691
545458
306069
415466
955371
816137
793762
5446
482194
940741
460682
5964
367742
213272
726200
402134
309002
297569
675256
448377
898474
83496
236097
190968
100741
214670
114434
558728
422495
311234
559771
541855
626209
505612
798326
864804
480006
92222
757375
198610
9115
864007
487281
705979
304899
56348
27481
560246
69090
811787
689849
872355
243554
17907
725221
956658
506959
336644
677108
896870
771699
312826
701699
769085
553947
765004
792116
968081
78533
749506
864717
298486
170630
925164
718210
104299
592164
819735
279511
172487
660792
593211
855890
365548
589397
146922
744564
155926
123763
922055
766767
51258
448068
724453
742366
854529
23701
523326
797703
403130
744901
51447
779282
890283
301519
228043
524434
853877
423937
453532
231337
329600
301588
178443
29511
543193
362002
571536
382660
758236
648476
396213
808243
768765
172781
44978
920970
710824
778144
861931
304234
795734
75574
197417
688143
544072
259271
334529
644605
668710
697991
458063
109200
124314
677816
155931
982169
19947
794159
923093
852748
690536
189876
713875
883100
641553
616352
302352
206611
666164
742827
840635
550980
308200
142050
854795
674161
60717
256223
915887
822149
746881
945340
51857
576666
851112
729245
155613
426936
783714
149957
830521
567237
838227
595709
263224
668981
914438
866739
811051
89048
749873
285354
523438
524190
94181
32470
522756
138805
828036
629146
211264
273075
684700
832681
327545
276024
69487
300183
117953
833784
923124
505628
14208
395809
293750
227779
36448
88750
218666
305342
461823
727859
461617
870844
428332
967889
249396
262697
134983
62286
624172
400084
850643
931236
92236
557694
308787
127443
185307
362186
587065
107872
136239
235743
724773
500503
99226
279080
85873
115597
794429
95692
302965
584214
249963
433492
513795
703273
160290
254965
554916
890714
415114
872876
459915
885196
438942
890326
693649
389911
958341
903692
576858
271341
558843
808450
221680
477113
358025
313412
105791
180200
107780
161146
604013
162815
190443
644634
572062
1416
425247
331705
743230
523934
436761
440308
532680
16100
648880
529885
220355
895253
582931
410265
825510
471205
575900
172303
632249
135756
805731
504729
88666
916067
200162
817155
778226
846173
156976
226550
306368
407751
150961
129635
199255
11128
850542
347758
917892
791214
329818
8128
25101
749848
716441
784316
800480
475107
895313
98120
518166
405365
394520
754173
579848
59271
397469
334599
523056
765914
742228
8518
615336
771077
708534
939558
271460
239930
289762
246700
925734
954346
411189
509813
825697
799670
19315
7692
920667
821132
313180
180716
753390
939548
359039
765464
882865
265203
376023
651431
939697
290287
63440
725557
802773
906054
634624
755072
263877
383968
554812
909196
222513
275218
710354
586929
89401
476245
891066
659268
635159
547665
659611
98078
381692
10805
32222
730054
372398
97525
451695
94642
682632
439065
431605
908101
149230
622443
200101
804056
760911
640613
819684
875369
403692
659798
779819
624638
27869
819588
536086
611346
407958
664103
918480
956708
597261
652661
691960
142274
343991
607921
369442
16037
536311
111416
891146
418076
162774
919096
800570
324282
543640
576845
188748
883267
28133
471330
362653
692971
801832
90292
747093
452283
276973
513925
728277
516922
109727
713745
671936
655510
703370
512061
807637
212638
6409
172996
407888
762691
433291
115630
792482
839238
806646
770672
266947
699933
160774
666261
10141
22349
670764
256050
381703
3629
836569
99641
190923
47985
300083
610417
770414
686118
27778
515933
602405
775984
171758
14545
448969
445603
440973
326392
869247
263155
623698
594968
873324
548124
775126
390389
819437
556708
876143
82726
749994
260429
275793
620104
417338
406747
458000
37909
699210
934124
694446
449323
375795
528643
216727
693821
750382
856432
786636
556279
683459
469607
635036
899894
722941
838848
175887
22567
543827
85326
778834
639390
362465
327901
780713
299419
475487
747395
172233
79833
709807
713364
277447
952623
773622
471816
901424
604741
24611
688195
35287
845599
795100
242522
552569
317136
571828
793963
845115
943055
7951
692115
195669
758036
547847
226517
774046
643695
845427
533563
168056
499858
798744
317857
511531
256145
16172
8311
152755
358565
861538
275945
371247
311520
759969
725243
442559
995226
683993
228508
431248
559656
580507
203652
402604
675777
610298
694849
673059
498361
44968
835081
431091
790977
408471
728603
128569
483333
466146
260804
456462
510109
215568
313832
738590
661855
534449
73768
67945
545364
53421
52314
860416
576899
298846
661222
696414
903030
191272
457969
87026
666651
359191
560267
98842
834680
355486
174395
458625
792609
104106
638398
326795
633878
296998
45436
139453
650970
581695
796370
661539
96722
11493
389812
458903
212288
117880
708414
291674
716947
263362
385306
976175
229107
333962
216102
490238
582870
138736
755138
593977
59123
472986
944568
238594
893917
75606
835231
796492
421663
647712
671167
703316
903738
637522
905696
754063
910856
895165
1003
614507
795696
441269
479368
194666
68637
668126
624131
328268
218177
13036
629868
657737
697683
38428
398749
899869
621833
881740
136784
484359
954503
755630
251609
129549
272049
960722
454648
368810
554
91242
441507
830884
502136
135496
166089
779278
640456
27025
215116
632845
473028
204219
489721
193189
786733
899263
64401
912686
571153
111157
298040
287536
290930
572966
388874
912377
592561
319872
602741
365794
862431
462662
866131
712129
258133
739738
640372
522963
331762
300954
15350
366875
227052
528212
216897
259271
763723
154386
624599
840830
233443
236745
550574
437775
740079
322142
100596
177111
94791
841980
205748
81245
735435
200314
840438
179229
771835
688150
491526
164917
809760
121601
16971
238983
684955
403273
541772
503386
660364
500032
244618
535155
354
122753
572036
769614
697642
185260
498973
916780
939445
643974
677410
669213
157090
907820
224245
748287
638627
337974
444059
5089
588890
136317
683537
105117
80377
693563
149805
376380
365450
576833
637880
916807
266450
282668
607778
913398
930513
582603
242742
313456
914233
138542
191333
278492
189695
319869
745555
887231
859155
511206
107355
875110
151101
907763
178679
79624
497522
841523
579930
122329
143173
312330
18916
960838
475932
245789
788360
742309
710832
924801
582969
50893
632843
658442
614563
170406
767274
929061
192600
82200
836503
943749
747931
554124
595707
932161
748302
820806
846234
494127
26778
166355
849542
380191
906951
392308
238426
188656
626926
168347
100779
659355
695152
613464
436579
572002
57406
767895
1989
250004
456173
876275
684218
580823
726309
78569
100112
883343
19269
169963
155455
344859
165021
430220
481446
795014
858549
123803
165590
57587
313748
517717
278866
394359
704119
721420
702283
478954
63853
882718
846102
279549
611815
646266
665620
833562
693976
396560
176156
778855
349141
62694
838255
926479
754162
465420
820718
158010
332053
495467
921070
530776
541770
141972
527809
301665
691986
244886
702175
590756
493816
396681
882869
861246
282550
721653
605237
272827
604175
107370
823281
375828
862349
522253
870904
246720
271539
39884
706643
184666
122055
122963
465708
744106
732221
944887
22711
726181
589504
879478
191635
142207
576587
427578
663298
586001
430634
651168
29847
514262
702667
768949
103025
944378
321842
918289
737485
709405
575205
384568
953582
567700
270393
451037
88158
248832
485227
674647
660606
505585
356822
654043
604698
518912
14959
685293
864733
526862
267178
637361
692355
576560
394925
8171
727797
735460
90429
704156
437552
865961
56418
972021
710665
19951
591345
799549
334785
748908
443227
488894
790327
762995
218787
74890
856745
7973
585963
250524
807555
724289
767077
956781
144739
310133
183650
805770
570988
561817
720152
800360
252961
490547
510508
357303
422741
675001
615066
728226
802761
480540
789924
402569
825597
685824
815616
42910
869071
34824
494589
423841
293490
614479
459285
614954
11577
394885
946226
25783
710074
334164
534546
629729
917889
159670
306417
270135
483501
191822
785875
808118
198943
631461
394828
509429
300059
851505
586309
201369
97478
566891
439780
393961
890659
30994
414171
55527
766117
597865
885028
666466
656356
447155
867028
860169
773935
43950
402190
283786
563532
692730
7943
619607
133034
340386
296954
512367
507434
237612
672384
414022
226942
327107
843175
595635
518999
313145
325909
687586
602538
649728
545923
914761
44482
146114
366273
387647
952143
171348
8524
622594
23476
295776
10744
824379
265428
329093
461232
417996
54309
752385
602454
869998
208431
662162
488451
440248
693165
135288
694071
389830
196975
765075
520204
78551
822791
662698
771109
364582
222974
231614
917121
439033
227961
944501
624249
750607
428208
825968
740756
574598
725611
413913
382721
47788
135629
46150
826893
123176
246103
923308
961078
355873
810548
956279
699852
11738
707084
174486
113977
539518
504126
216741
629623
550734
168043
679730
49889
203380
286330
394664
151488
464476
855814
501805
332935
441620
611623
586144
155950
296317
810332
604317
33624
384568
253125
498153
581668
97659
796365
852552
200395
396742
381355
485854
501121
148147
678749
860043
281664
126455
302296
78661
707230
664166
52340
269866
589893
568268
754009
436368
375358
807161
569150
22463
17246
87551
232034
114146
193138
745678
539158
154030
613756
249537
949849
322957
573022
252130
98994
571774
482590
819917
116117
693971
105381
20462
393071
656229
612751
718159
256187
791754
500387
460895
152222
187881
153206
903568
197199
260602
576499
313096
288461
765038
304414
412675
361130
919623
10307
461731
21164
427322
542776
260407
712687
208710
822039
675149
770585
497620
854071
158576
467211
946322
19678
583416
678274
543154
908460
599612
788487
267055
564206
646622
73367
860433
366845
289325
839950
415092
89187
524330
605326
385178
42923
277062
462068
768402
455658
296662
217722
127866
574632
516413
862508
180257
287777
39974
286314
77606
560625
538712
538048
504595
169736
703947
473655
730659
256573
802368
183032
125580
905689
926201
142620
306821
636780
748848
38095
122153
134404
140994
610447
247603
772211
35014
507576
655579
506156
328426
239431
141046
364749
366540
333883
894804
155284
911180
174674
318564
821408
146931
653428
373233
321340
152304
858801
570242
764084
142876
367807
808311
750580
623503
815803
195834
614541
617321
893898
405745
90595
364588
271856
236529
479054
435085
102645
208534
590316
456649
568370
463982
172882
558277
548762
612436
85807
6654
742866
227351
2349
317711
723014
862983
858340
128277
284126
334008
593434
600517
666390
549086
469620
925685
213365
971688
526252
775317
447064
674
559568
26961
607122
313538
329251
796475
775323
187588
558563
563807
586825
116936
740824
803626
565540
542716
379669
816326
593461
425428
129138
428324
856529
447447
531873
446764
139608
231386
199354
163111
169377
703653
57442
358600
925461
499238
43526
723879
319349
253776
630793
497322
755725
109516
517455
355303
436029
834016
909823
566889
656125
674354
818983
903108
663299
169831
254589
435477
66862
594567
594916
270983
111308
929731
568124
239577
779989
263317
907847
421974
265733
247303
824327
511579
574414
573774
311100
516255
76351
858791
719999
71958
435027
800777
399261
692790
502765
253974
643353
263544
872147
622101
221996
546025
699535
811901
215202
397586
282703
599102
658284
512556
442878
89232
338566
736189
601293
401336
840873
822676
177045
717035
736868
27300
382902
638596
532330
21788
491995
137029
739484
152610
179332
919303
495927
71252
803402
153653
852077
33788
772498
713199
458855
927158
770587
793135
792933
266888
936168
770982
552569
613313
395525
221290
924467
406973
841450
152997
673909
49778
871105
145337
451014
102912
260866
119057
645107
308765
431547
84165
103658
642415
683361
781254
726126
816227
215699
375901
311466
871733
37964
812379
55720
612802
631240
279878
239056
334077
752227
250621
872936
209255
50331
747440
479527
278639
492103
180851
482684
753258
693624
792515
525520
353476
364720
236020
905080
391545
60044
235429
27918
715111
82130
689286
472324
602904
455331
158591
531338
667871
804274
109236
422113
667992
64069
248797
401842
437941
701206
773116
241888
550443
417883
734456
34183
5625
899834
125781
641674
655911
350322
204003
612606
163324
891468
101510
52628
734883
721714
124445
309741
775106
585063
603890
865560
289023
260949
712597
586285
328680
787895
644381
481884
737351
832290
197080
36777
347537
838629
892909
837070
972992
779737
973884
252328
556674
316925
294946
88102
446043
80806
385541
863929
532265
303638
228630
807996
201793
903585
457532
58730
602862
635817
595112
876931
44517
594715
820028
626264
383453
910928
539856
411399
554695
151923
191345
733874
700122
314223
534984
77209
254314
108357
403227
731131
893547
475612
390080
387587
67241
334338
145475
691997
250496
327198
566210
904627
253707
192757
605874
921508
799527
34214
28117
258652
847822
947659
320219
83751
727212
530368
100013
445012
672720
226066
87333
113251
67972
796840
109122
378251
579048
398154
481730
307069
902877
368425
227848
232103
610123
732111
53603
530483
514243
118865
738660
712655
694807
603855
469420
190886
803518
796497
798863
745021
437151
552833
503667
251734
758634
367235
132865
847022
453698
768870
828487
130123
859858
340630
727972
104255
39354
818391
563826
233974
675606
379075
771316
180831
800799
177701
127633
480476
581491
734556
279888
685729
5899
326091
652738
231808
958832
380523
816347
90766
627772
687417
41332
456790
522675
195467
872160
164217
919715
796722
621381
255155
733222
621739
912624
44870
249090
437363
816541
554538
645963
620399
625972
570446
247016
194971
814082
457178
8133
202538
324877
841699
147201
335727
656780
325179
795938
519800
231843
377719
396142
192784
265428
356040
891360
96885
132490
799451
303590
454469
58581
936157
785425
642969
548985
48635
155625
694276
936085
103073
773952
147949
71372
586241
140959
466891
159852
185429
345290
303406
120009
572615
74112
652631
330928
261449
646630
751629
412747
316923
264489
156122
249959
189415
341670
111667
460205
264024
115706
283050
302092
799474
47099
369925
296425
483351
536981
941348
232453
808099
347524
79263
207231
506837
326424
717120
441380
666608
370347
71920
773980
25968
638548
64570
333897
748574
637663
943706
374075
739223
890406
294511
206052
467069
417989
750228
290782
757558
416898
204595
751640
20009
890139
73129
584638
676810
434336
162847
4219
845341
626471
639859
29147
878370
832577
687134
434288
244202
760650
518483
671492
824734
555126
215262
698517
126048
40734
14633
451316
55607
271209
107549
339566
420296
392797
184634
635240
120421
672622
628385
325331
61498
40959
122529
768029
448691
49498
860045
266150
6829
308189
812226
25100
885352
108845
914856
596874
530453
898020
146763
518547
791037
166501
234313
330418
161672
250459
363168
329660
8056
358900
395157
918632
908871
239995
333345
299123
52875
435806
501421
855761
688185
924017
317618
418855
788562
282957
548555
828399
46686
568969
734303
646989
497803
536596
519035
298407
144451
449787
255264
122687
472369
565008
301868
369720
159896
98409
401936
385481
227589
935140
955592
535908
621099
913823
705492
442833
544532
245970
820579
649511
210931
862402
832279
532785
529282
607290
131241
935867
941892
285015
730790
234795
316145
600854
816321
579020
483779
155685
145524
93688
328028
167230
158104
241708
298599
822276
373022
218978
529267
847898
937524
491312
296499
411501
479511
303579
378520
113484
623388
802295
798971
648016
382947
732750
819731
621597
511995
246402
488955
484647
920808
428084
605527
159526
66795
723618
135575
619045
310123
46149
597618
348033
716342
736481
799738
469493
905586
328701
343685
97246
463673
166063
465125
461921
673575
653213
110860
15060
810513
241629
630154
721688
390127
567837
92230
475256
571672
904471
375052
397941
848287
336631
373936
207855
52261
107607
863689
877449
379055
930425
95422
431025
862447
445680
714136
761876
206715
518570
902572
400906
774151
3578
693557
211475
401080
801500
175017
733886
443423
856883
845598
160985
215971
908929
113853
614461
488740
342129
158427
141739
794709
151116
853554
438371
793126
805225
242939
692500
937763
702847
476126
471484
914419
635034
566198
774665
103267
608593
152398
735558
91015
670324
60663
947146
519709
816885
212595
501039
27099
7190
263570
17622
58866
71098
134867
850858
640962
521422
291884
35455
587130
756237
602178
452593
678007
933791
9780
175771
285122
895594
315377
740070
367141
549359
6210
241111
177631
82869
513792
340621
618424
394131
274542
383575
180948
54520
764814
234906
965947
413617
830141
154374
695784
576290
71536
883600
181080
461655
912068
6113
381642
609098
14824
441334
46310
413391
862599
875237
852824
310935
696708
139229
624414
755825
182296
790342
44416
461438
32588
496885
36056
190976
615518
279556
694850
659759
264384
930428
459317
96220
829833
100639
423592
76573
698600
567574
453332
651809
817208
76994
268603
773264
630870
476392
499128
501326
563909
32564
668329
429555
401397
275419
557524
4032
901815
606076
169487
331270
60878
723987
624977
670473
600184
807259
215552
423078
880603
358434
670371
751817
214959
327078
730174
682849
892988
391341
613862
744944
491826
790662
810134
443980
626826
389875
902599
614730
820412
959584
684942
46220
490795
802718
460516
792006
482348
135816
66426
7617
120411
103331
932641
546877
911708
88215
892653
940012
866291
624364
160402
519370
125281
464009
246882
497786
59619
303818
826440
667446
66735
251035
374878
7815
209746
336097
329529
143769
890042
513979
924282
354944
627847
821638
635233
270947
464616
604527
53950
654328
352243
462820
944413
128570
724050
486861
126471
67618
70520
84220
567324
538041
302885
360334
750087
288860
597272
25255
959412
21519
163614
872819
85324
925439
5542
183207
813886
859602
28918
648822
284732
509030
357234
399902
758868
446604
343197
113394
638603
484277
541045
360015
423080
898944
192163
425368
855594
250801
717321
353990
235615
615301
242028
750061
237973
532889
362651
243132
35915
633335
757357
128580
726392
604211
792942
928924
41345
47690
20280
101972
394350
842175
295437
346267
17973
854843
700366
407892
532090
200536
737809
566449
289642
635017
272822
288161
26151
859138
361497
856150
835681
816635
645179
928384
809332
32682
308915
272622
599666
895478
21636
448846
521902
727740
752198
278496
740775
787025
937561
119449
556172
932721
481260
474517
439585
653735
548634
572072
194639
129509
257144
218624
46607
552804
788391
750845
798545
560815
560747
965490
609013
163819
784190
689068
671219
125254
212767
612177
375846
837027
298811
692340
69253
548250
274851
818372
377062
926325
678470
872869
291021
137678
82711
511169
304472
456360
517243
848064
226887
752496
782454
15885
591500
382440
586446
700548
201523
440306
679948
282356
396826
381312
286895
973696
591646
615034
98750
809541
628200
763785
682587
833453
408522
364506
626200
808753
303444
124852
823289
622021
946749
118876
665755
337532
260555
398029
685849
764835
835334
337015
339437
543559
764276
92455
106016
834304
830133
289591
116631
527018
596292
422528
58800
107532
551941
21046
618352
724440
769737
665780
604852
520951
260872
730587
639537
725985
371560
370019
554941
749818
399872
375030
848825
56121
372324
958845
159617
823565
700334
688899
419871
694075
125806
54349
690400
505489
511139
885931
20306
179097
232085
42402
304522
311944
54201
899720
111591
890835
703865
98176
692991
779884
497824
19403
64841
179958
749659
36207
49658
834809
438155
24429
680650
339042
587156
317690
819158
174267
183413
940485
902979
575849
105371
617712
107579
497191
96082
914916
818224
83610
182852
481758
955939
254254
523322
292581
705097
668778
941415
431959
139638
810700
310089
305933
706981
124221
640922
740061
730837
317650
699715
44485
247348
743145
728981
837688
74670
274584
377985
936654
841179
129031
30132
514138
641200
362244
452405
566607
791954
508575
261723
660344
350969
577410
300687
461018
808247
168898
78380
618349
304231
77020
599914
553971
894451
242867
381889
573888
490766
703786
407819
264797
491114
856387
585845
341926
417897
458785
450743
956669
192607
527710
12306
861083
512858
935179
86630
841159
414642
553795
339143
825586
400637
339223
633129
234819
127938
249311
598592
175400
362002
128948
93862
214633
876114
936686
767547
657675
971274
594308
860064
874053
598534
13036
171212
112100
367403
778437
471067
124
405201
920084
89510
378047
364988
52355
256784
737849
216333
565985
619826
99990
454913
713862
1849
888150
383582
309693
98075
249647
802065
237505
828321
18114
27282
421507
411706
806461
563936
63318
705386
312748
949948
251124
53276
276286
864599
903592
716423
886732
707651
245042
674671
234934
715806
613128
494443
622600
267850
595924
700244
523340
103878
271283
494006
676678
270131
680728
630620
443584
651364
801903
528418
722911
281922
904864
640212
613163
22456
157125
745577
116954
828503
286616
698653
226717
146596
109879
833561
47512
675911
653115
850600
537618
163099
560535
144602
622426
760403
371186
361921
676328
500542
332561
778852
341010
580828
918633
467463
464246
704810
501082
570538
663423
63807
779369
364886
321231
297536
743253
237176
854799
782925
643158
84468
170273
24397
273761
829834
516429
856851
89856
713151
839017
928938
161035
420288
806455
450225
316035
598515
439573
806094
555423
762771
622579
89659
725437
517637
294215
354283
81365
281198
362591
820149
59856
132631
102674
861880
943798
572989
391859
364488
911376
612429
230163
786995
652081
819768
325752
218587
105399
422398
177198
223258
715023
298979
739872
895298
944634
501320
851324
47378
877354
1097
851515
975537
782667
792838
704432
266084
137425
890953
265042
830730
394660
281229
731370
840492
163786
51020
320719
885870
827711
109716
264783
660078
237016
325221
302436
483019
442244
215807
590129
454434
662621
602331
736220
59692
203596
318442
566032
855896
903927
65953
311575
549432
224266
573358
20253
321828
374698
898868
200023
722880
520140
716668
355586
351795
611883
726041
270348
459519
850719
704194
525045
310251
795730
683337
63455
567007
34537
616276
779242
853287
302774
349487
765089
48036
113578
441238
491647
357236
269191
716602
82571
30428
426747
23472
691010
819987
720784
607950
96395
297346
705335
439211
177046
154684
205076
40393
543972
579554
166398
956865
140422
834703
868073
92653
857131
312103
245852
491996
31270
731729
383389
619412
791623
858643
267017
280262
72412
650764
187391
773635
6206
379959
690794
581023
59561
346133
73428
873484
397309
240722
737360
285579
48563
303838
27281
341256
175237
787865
357182
520331
829987
764544
397964
336745
930312
128342
442228
321132
85137
222615
579643
616676
903966
665710
936832
441830
522760
578895
801523
748976
422115
754966
980092
531941
407620
196774
795999
158009
750484
774126
54709
434523
556018
887029
323769
984371
673098
847758
149546
12170
912167
604997
505875
686187
352970
894233
814155
463483
844581
789472
148678
403702
369142
896669
26772
812117
794725
36891
519338
274364
403790
887322
422431
239914
100276
372885
916160
11364
311
646700
121263
864033
306529
106957
13651
917605
496000
348398
331133
566393
557807
105917
694964
361915
509538
724039
358965
128736
580569
3725
136640
474732
728250
761095
821309
698290
396989
57239
618087
707566
271169
917495
611315
124529
452543
794306
652605
103171
40194
751678
970688
365723
610059
21761
694784
705876
924755
976738
547144
616215
153385
149134
864290
171482
266647
235458
245974
564763
704828
801565
831327
145657
881532
286056
49370
23687
443972
601633
681740
396052
319333
491200
593779
635371
387643
214951
612200
153428
341821
521397
833303
123615
444424
47295
93840
418835
438393
803229
55480
871621
708418
402227
390418
270138
511044
519802
491108
538412
875943
97566
673072
894177
354332
593085
855032
407012
320846
623962
246008
931521
466131
464738
479147
871303
832445
248557
410388
434122
959644
861306
466004
966083
817173
392586
730754
652179
923995
682079
301313
229311
24640
567406
56505
874560
754699
148482
389103
557308
460821
95061
803712
692130
318820
480042
593700
504850
913593
148768
316671
507349
982577
275387
410735
262431
116200
609077
729855
730324
433127
426746
861914
729858
507612
674338
942903
843841
255347
116106
871162
216798
315123
714983
360199
778510
584941
200976
852532
382123
781138
598477
9789
292418
74415
686090
443755
211079
196083
718021
911961
903469
506917
71838
349217
532985
286560
335541
737453
132730
638340
381763
504747
725377
881191
224668
490063
585337
394711
106729
448277
273265
76660
4158
387963
327228
255508
266895
48484
921876
11676
832374
497035
701855
768735
320278
637780
214631
405299
703041
8963
757313
380036
709612
317567
855040
660280
419926
695018
457808
190106
890499
616203
198523
819958
781857
475691
3681
601812
840362
245088
818583
706299
293712
133775
814676
155005
241722
278126
369363
440017
567729
818243
37215
843398
434155
469261
932173
690197
363186
225779
715744
533183
464914
687810
567991
601242
726692
319607
431453
426328
240972
349255
424220
383822
284431
44983
597546
220990
934968
162282
253840
2742
333986
141994
493516
739688
777311
834575
59886
679323
173615
767526
426077
252083
953115
515726
135237
254763
886541
38732
512585
773603
246104
505372
624235
506522
911245
801504
783461
914169
543040
45704
298752
505152
20803
160861
975311
771657
585103
581911
364013
837919
836374
770388
350894
149723
500562
496535
798504
836319
387343
835363
949333
765819
477056
851835
709174
586097
466584
737990
753145
511355
688078
163812
775254
940172
165956
63523
186809
135098
341828
542888
135612
418494
310781
738457
716426
762742
331745
503687
798584
77565
951322
906792
870501
921513
120378
565434
899238
680756
658022
448138
875216
609950
752869
590545
779233
622382
133944
799355
342154
257664
788442
669760
650109
572613
114170
467360
436626
369579
28882
603177
649385
286087
671411
939884
544331
257664
727015
410259
551940
701729
611773
403920
628827
866266
802606
589436
525917
572003
905101
620833
242979
946101
223897
410461
782746
802634
367727
33317
580565
76977
333342
761387
598397
570159
78677
693686
115277
109460
547643
82790
741114
797827
955927
981922
483309
75235
337587
817051
818465
808133
203466
666950
234254
81980
248995
907190
699930
364663
895770
249860
935786
889434
454747
767684
698698
859978
893670
558129
706453
532961
829592
79346
322071
425913
935011
193870
714036
455999
469061
681902
96553
905086
161431
313950
571130
238618
349060
518314
847975
158996
799557
76919
174153
263026
822266
933654
227288
472069
519107
299544
150701
569698
231979
14441
1474
641506
373481
32095
753636
391821
851764
174637
886328
742514
740005
323277
340004
268410
800618
894473
748317
354539
47330
830990
363924
174976
554219
777640
564404
414671
641535
447769
250247
916959
112081
736191
460713
731525
731514
269786
558507
164690
54288
839510
767086
287388
154236
296914
617280
863061
464571
871898
464776
410327
816603
514550
826845
2567
523219
832958
700679
841417
485212
647106
169110
121205
726207
670914
707900
123638
819837
316796
831075
827156
955882
361624
506454
505192
568764
879888
88709
142497
561608
661839
424173
149656
824489
335479
306173
644854
504509
907517
189059
237402
86864
664229
747391
527469
358468
424563
26240
938895
404485
626012
242000
577913
70185
119405
209249
670661
386574
911748
813843
330250
574774
900620
510812
664332
335943
28000
592483
830433
814932
290368
616298
96106
550334
230283
194254
211034
717466
859492
766903
874328
305005
338896
723560
815756
705800
71410
48800
826197
136904
128254
878017
891001
287113
417639
869480
775521
349697
491705
591450
326311
792142
82441
747819
571722
195404
767634
251595
664332
818884
285607
630529
785437
399208
838067
344558
454419
781860
231457
238773
636723
915713
909356
345066
761140
649944
384866
835270
371257
648297
157733
470736
61056
721296
191678
218196
508549
113217
234657
473686
465767
378871
728070
266597
1405
91535
848003
734776
920690
750002
947209
350883
10980
782265
711777
50713
24220
7970
311479
895028
828928
206465
284703
150976
59601
198225
783380
462774
902407
732154
730917
18781
195996
871368
787540
940875
115861
782039
479081
79141
69471
682808
853771
251071
832098
805349
82029
483523
221870
19566
703367
977358
48601
640327
585100
94454
760587
297574
611755
98024
252852
178845
42749
725527
286104
645681
439948
602054
199315
575426
78549
174966
33034
329230
865657
429880
135335
682075
282232
165354
533825
366467
382771
68483
176952
605537
603702
739349
892617
830212
273207
385102
71214
872847
901855
76643
265566
450889
452841
244693
672231
599610
327850
366104
183617
362219
610235
778332
234660
982832
973518
319419
872609
695940
91865
758357
646851
600192
52943
730576
749252
121063
484236
630536
174752
504428
456603
119620
395047
357481
810522
515804
916047
780555
815399
413244
834188
571306
931592
279577
460247
854977
912690
793621
283554
294572
4043
439112
250007
306052
708923
308105
738799
288266
875408
484350
376940
808968
608963
759316
425504
761134
149930
756958
160575
740695
381997
893727
913299
24943
643169
762319
853199
587336
886563
940564
19883
376263
540702
721642
2668
375771
155707
106454
425339
491340
576096
278191
211591
459705
187210
869466
34876
75572
284665
662865
458425
741931
326982
536656
511618
810336
577528
4567
545401
830940
467090
567561
342610
558872
489957
304924
53946
96656
780510
569533
242621
863076
40058
518214
206474
211309
865295
700070
918230
167561
97245
841056
131930
860582
244008
747267
530432
182218
293720
198812
277472
149254
92662
491537
786522
641369
337804
593080
251878
841620
746056
660111
601067
828463
228668
18327
4014
74275
373508
334742
468483
169255
685953
615667
971959
745774
118056
57048
855173
592252
91045
128025
41541
902798
133921
258868
295018
891578
31053
734766
864178
875879
282713
891817
203444
660736
428732
567410
349804
629321
903086
772214
386696
293737
121827
897623
870048
795347
455030
328042
85890
865999
322031
868828
251376
968551
845030
337451
34915
958990
72312
938396
426103
85162
672498
594504
123743
637967
870499
430891
859389
181043
819717
92247
224924
236300
19221
283111
555558
713292
90287
895873
848747
832645
30012
640124
498740
35824
544289
228049
568997
616215
805096
651477
217333
839035
325097
534950
66440
685950
919944
596307
813712
878330
489037
941379
889317
820503
412571
913642
824183
751984
307765
183544
608876
60291
395236
43724
133321
199430
748548
758761
912388
532535
109493
511320
336044
606528
449696
463821
206070
397530
20735
666260
912776
31640
887797
631640
678971
800762
931713
964931
325704
449984
697189
244250
699713
548016
318128
871090
814944
596416
185080
628957
24702
658392
467115
743774
661688
748981
602696
881316
744529
415751
792003
631956
97938
830337
43847
120895
165859
323339
812588
857538
353330
416765
64904
771024
888423
786741
111240
429589
573426
147473
90893
284128
594631
783506
450591
733914
873400
820409
520452
90612
815843
734252
41655
762601
172186
576126
187061
276191
860883
746469
171116
60875
3347
738907
694636
780528
265052
463671
328631
832587
883181
602747
551962
79558
748011
513796
763475
715679
682695
675274
187565
351998
253626
708997
398780
671416
902933
791791
459173
677464
854565
425613
910453
560964
78231
138010
640613
87729
439611
133304
76203
115612
233299
232238
892060
806869
757470
725508
539364
893075
748041
300958
706829
940137
803665
182525
582564
365319
813441
366952
715300
818477
690476
162042
787499
310645
718937
732369
378500
341562
270175
189851
117884
24480
909055
269674
599261
689865
885567
575097
175923
441391
978748
326702
581018
360586
724632
494378
336214
523506
389927
455659
792853
328443
129239
208707
84716
483706
332762
779461
112180
207941
385173
318469
712443
712135
415691
277844
584888
889233
291433
331002
201773
429289
738009
935388
501385
872963
732905
791806
787740
248927
385747
796625
36436
951055
42642
270528
929920
200542
458327
683793
911973
712432
282808
714781
947309
7673
598247
148596
207576
849930
750971
638193
568809
452935
412384
224331
905329
83696
349756
875890
724283
63350
630321
481052
617501
363390
304996
290864
145144
345307
221050
850181
757562
222192
423361
78338
667705
774805
17659
884320
192053
135505
871709
810165
293698
924178
792236
957734
757565
702054
416372
284476
564282
517516
647130
56552
99265
784735
356167
526456
811858
160339
284017
487459
619173
850478
600774
11234
29163
339922
860815
724729
111178
624899
814392
324645
98812
416054
932795
339242
219230
32419
744279
34479
775667
786365
600679
865953
247171
248929
481394
561297
493124
143597
385702
39768
173720
768111
47947
808061
212491
625072
700015
442473
601226
599914
359523
129580
500079
419442
330560
433432
245263
556191
927584
183585
71358
744664
842822
739024
591004
452822
828011
674876
571521
266688
950475
762731
273558
718106
650777
887491
76604
737558
603893
75149
31894
563558
633069
814848
189624
610165
23521
601880
697788
643312
661748
440686
634813
376792
683835
316961
255274
589585
453455
14654
14799
303296
508033
242345
291250
285192
856923
9970
473528
50309
786628
315810
315789
766916
361251
184196
904025
1507
650115
67425
562380
659458
479285
899118
469650
525782
692469
127008
627856
649137
681662
81037
260029
459087
370086
851135
204600
714989
354479
632621
740244
162640
832419
747342
856115
399903
667745
629554
245129
686945
193501
522356
204196
563558
479168
586200
900405
720333
241418
721808
525102
607495
367337
405937
669098
342384
228600
805083
938339
326817
428720
804959
741705
534518
481918
765485
521299
120011
724744
33828
749964
438368
56604
376467
897284
410416
125760
367740
891807
197909
417402
782610
762931
450451
606836
808409
229288
94077
213914
425556
748511
666276
455291
562052
543177
50618
705162
8380
20022
912113
43578
591478
722032
462114
31385
716260
868537
652483
415735
435198
871207
661954
78960
482664
192120
942349
691420
652217
788174
688808
207248
134111
660971
525177
386089
133829
569772
312372
443638
370546
559680
202937
752922
87878
164694
417833
449451
458677
664330
723406
225816
649767
891152
653267
894994
661011
110875
333856
94451
661565
165440
544247
825117
482711
109132
951478
868765
661371
753376
886569
334724
782779
922216
980054
877040
281266
937817
611888
436114
290292
221421
171556
691517
419200
371226
77107
61959
407501
770243
822372
226718
302302
187784
106565
787963
541159
61794
514942
856354
346338
656144
110327
880623
900341
932049
585471
367820
779301
904135
401988
194915
991402
98107
338293
420067
460740
496777
134629
116373
119910
327591
712871
187755
969966
699300
16988
350908
413929
480044
58115
915622
768932
792090
393034
159062
284333
27113
236564
369109
795476
454218
799193
188771
886560
720736
858105
319398
454413
610968
209391
79393
667607
241528
152899
684743
561679
334588
773576
419518
28439
825890
380504
800632
215145
247611
896534
962112
304382
893876
229685
539840
713033
204275
556816
386879
692580
195448
903534
8170
722042
194068
509911
328210
820642
398482
466283
379691
834371
361485
746894
749083
144851
739754
83034
616030
969770
829205
845563
780376
113756
613602
483177
279615
410230
428792
670834
833790
235502
871771
802530
652595
368561
659951
270956
553798
75440
894718
769929
409327
750025
107676
332997
539838
18343
461375
500106
490277
769091
427762
450714
674883
555338
129686
425638
950845
929045
457386
263272
572636
217938
344065
370096
528486
880901
841402
844546
254113
60524
389372
206934
17788
219546
391629
113619
850803
426374
931961
238998
825392
633682
461329
936257
681053
181483
634212
954274
842187
340241
789259
129779
64926
913931
448717
503585
279554
824015
91994
194972
723651
103453
7635
253886
884923
645875
360222
655764
627917
239348
393643
200505
416041
346092
907827
354358
522691
536289
717179
247604
409615
430082
163945
366170
37597
96303
156085
545013
254569
348902
497061
890922
799838
717946
973768
360687
124285
165384
279989
477308
232125
196047
909171
316904
80625
340043
769273
839573
458392
409120
321349
147257
181178
439941
823359
823657
783365
792039
396483
34957
184912
58037
362324
321369
129458
221115
163481
397015
501098
805677
163404
285510
625890
680164
658166
890510
132035
511934
502193
513221
455046
130876
500418
67585
209495
471166
601512
693919
286427
67593
223212
321160
441247
495995
128921
608067
924640
838441
703329
363242
253527
179161
739982
698971
685246
729642
70311
920710
427413
144351
712599
189703
89328
235666
160150
51301
470865
444939
842052
498552
239672
33070
878063
742056
767817
801217
458648
920089
34468
620626
811422
421336
304171
12992
710759
55969
884060
512711
354886
373955
617799
457457
434521
530445
733748
675844
863470
832599
750460
581606
127355
703978
583961
716244
489585
141205
422616
271767
743216
269283
341133
271897
707046
388208
294465
798327
624231
787019
318749
588164
667896
385156
845053
367658
154178
621292
845115
423503
504666
224569
402757
734068
324215
830576
911838
791435
844926
509350
695346
425803
707820
576060
500541
945567
164032
117248
598169
142851
871745
9492
553938
163357
62853
658888
441333
358195
111732
512685
282990
678557
460643
806140
767935
46156
423957
118485
173446
19983
339814
637125
426614
305898
531947
827659
129848
621467
895824
726814
67441
509138
574246
794180
131960
870103
566592
792410
609134
87279
35121
177903
702723
661932
906073
537872
144931
138011
19257
446392
470043
929233
323998
78815
165830
614369
168258
932142
785217
547744
542684
350380
874522
149522
207376
936321
275146
190975
87887
937329
855061
135146
391508
512805
331861
207276
828992
743597
58018
653135
732474
415499
558055
234258
309878
868064
400178
519076
68841
852408
608160
419565
438852
73848
218507
814379
728458
173236
616717
35799
155829
132890
25096
913390
254363
31147
767090
660018
530517
103621
133642
695084
194591
743077
56784
801720
42834
671417
482992
401841
135371
825351
245710
766078
774034
32749
581817
169279
790438
262495
58231
786181
863736
473064
342641
217876
821192
860912
104484
617429
407702
859180
851965
329439
663935
320065
492520
635834
503867
694795
538769
334325
374928
745005
459585
807713
222712
522656
681021
884327
3032
488665
234190
527766
780314
808880
793534
799210
173417
317219
806616
747930
6359
641758
312149
154558
56738
125166
49217
316386
91989
625676
579786
363853
441108
201639
389820
399225
87294
922384
874850
836048
170036
418498
616590
638775
820823
10736
499062
524578
450016
927515
398376
970722
707518
174208
885851
883183
368660
373105
824797
555107
589752
182322
81410
895524
191515
66990
734680
332350
507844
894012
207055
310479
420707
146935
450296
103386
314226
768373
737420
190857
212514
71710
744784
588637
429282
526372
484304
789769
826061
272832
823714
818357
555350
561756
791672
834336
643487
391502
324659
151111
61336
499405
230902
572785
416702
888782
678514
679686
954520
739300
773361
437386
628431
96643
345231
245359
374082
921706
319508
395774
793434
142136
122437
191894
316382
246075
888689
581458
510858
259356
839164
67236
297529
828450
19658
178384
699978
155662
532258
352120
197394
633423
543062
486337
35586
586561
908367
25122
397166
734853
414341
554316
426074
501674
574922
757053
566062
168034
279202
615169
861193
788172
517902
883291
574303
239525
794353
67083
292178
104002
409006
157850
253879
332598
596498
44187
618097
707329
977735
932710
741467
688406
27163
740038
273023
74616
547361
638483
84599
742512
137850
891391
239835
831974
280758
786434
271897
697048
911900
682801
241441
110120
707307
506755
530472
310835
986248
74028
313242
545534
209214
388029
164147
526505
547853
829961
15775
191199
456585
599316
246097
824847
58238
472322
120889
30767
901350
415588
108513
255268
678447
472937
623804
666218
266525
525723
52125
296591
14923
107740
210975
975195
766890
391033
410533
863517
563262
634370
504194
410889
903062
359418
305103
918080
703586
479312
929689
104080
94171
867133
867556
882289
348594
184417
508900
493266
154747
214716
898310
819773
765905
152789
921847
65738
82437
18128
874902
664425
293022
199690
601364
871905
979067
51955
632578
753804
484033
370292
477877
370091
366713
776340
645655
185000
792370
494316
105749
717272
66345
362295
854065
144522
239994
252782
500528
143322
494309
143882
193991
527935
247276
689256
37971
852203
618984
100668
482081
649012
805565
602486
452080
839705
413471
455789
405964
184319
851387
611542
857829
367825
26386
676807
893415
249205
161154
263864
923440
465446
898089
854073
595213
489651
786940
424587
301020
189255
124918
551003
552355
751378
973152
147463
474734
450990
12831
484907
404189
574822
506666
455838
79414
822315
778704
302726
363479
207029
456971
533325
615532
882458
456593
130624
878209
112337
658174
922951
602818
627506
200459
65421
969036
301438
270732
340665
50840
367657
776651
41588
247200
57996
264629
889429
771269
129720
4668
635190
24895
355865
425817
515603
357512
177961
382534
425505
176981
599097
159574
207051
107383
153941
581648
660492
235369
16044
131266
656176
415378
505469
442714
149159
435072
137485
119260
486567
933444
820453
88352
220570
961613
536295
369698
764147
310232
466955
280949
250314
807176
108402
243248
623272
533570
652646
483776
71420
534186
517596
344843
581934
45574
55846
345985
111780
325337
186126
619258
878106
885360
724443
665889
543093
488013
198985
392486
33429
794581
600014
425566
342534
699224
186582
764190
618429
880488
168758
354326
395997
459403
649226
248683
149662
670648
459063
854967
237023
222431
474488
450723
920703
713061
612627
161210
78839
179442
615866
590408
669322
172610
148569
325160
764083
566031
928703
138708
692823
177352
91604
879996
496500
52084
807869
270506
889318
201395
187101
45056
807993
456428
916918
255294
32428
170598
627430
248804
586375
332631
190442
442413
363393
888481
318093
403380
902223
590399
35592
760231
705905
692586
786918
122233
193150
692282
917521
445288
476977
157521
837046
152618
26411
666145
546292
748048
433750
494606
892970
409817
750864
522919
872
817940
360017
412030
163254
529487
386943
186222
633844
838484
540938
589317
311806
943617
585335
251007
17356
251362
208256
914241
305827
662459
719175
501044
929436
668404
909799
762891
945652
183071
855397
362422
734482
990258
821678
345763
514813
711079
208112
559036
104022
500580
436887
708447
897909
950773
161623
598863
727900
895734
821337
552802
666821
145573
283902
872942
38346
14966
883549
162870
120856
459425
880712
12709
537935
156637
11081
261448
610016
44615
145604
306008
775132
485485
139129
180088
841015
746583
397213
849841
242849
717687
803450
524599
168324
407292
137879
741416
285439
849810
521780
347427
583517
840556
774762
754448
586822
789400
815259
898330
208084
561226
539165
424909
831450
70117
925606
535810
561615
221257
888497
398002
308852
765248
314914
452378
282707
890328
208805
678147
820446
678283
639290
647156
451409
652987
385238
892550
223268
26961
856115
524646
264183
839102
463727
850006
587366
570922
536170
106455
395647
309476
349242
208742
39554
781536
946988
447869
936390
135110
276174
389844
414468
818136
436208
453766
765192
184980
206918
40455
477075
645080
173774
792580
426884
40400
131927
330312
447762
519211
468026
556306
523368
194219
325938
482229
92230
245438
136620
756124
159069
882569
905023
738852
123600
141106
727341
148003
717859
859971
610969
412005
455938
9870
702201
927424
143784
522094
429339
654082
616819
462503
1684
329375
742038
198472
685487
101219
475113
184768
343
724842
875458
69799
413786
16197
614251
816670
684678
771906
129660
671740
783523
173628
58912
161777
56746
279224
457266
926004
610856
236514
376350
437428
471112
463055
840425
344532
672412
602478
181798
737303
435470
244667
833806
155516
309106
638030
561105
665592
499998
748764
977931
194325
697135
451283
334737
410089
300827
922367
752484
562165
350795
204533
25898
659726
190290
315328
895061
789347
832195
717093
397002
588498
757377
895582
935376
271823
183735
583454
293742
723462
343125
682703
489786
97370
29180
772127
34606
802276
495583
480997
451684
217495
886213
57180
523499
130389
730457
831368
364516
742206
882480
216313
674844
206731
203631
734667
225831
411365
96124
22749
672752
947488
256461
523298
118237
138109
