41 4
namea nameb namec named namee namef nameg nameh namei namej nameba namebb namebc namebd namebe namebf namebg namebh namebi namebj nameca namecb namecc namecd namece namecf namecg namech nameci namecj nameda namedb namedc namedd namede namedf namedg namedh namedi namedj nameea
23 3 4 5 8 9 11 17 18 19 20 23 24 25 26 27 31 32 33 34 36 37 39 41
27 1 4 6 7 8 9 12 13 15 16 17 18 19 20 22 24 26 28 29 32 33 34 35 36 39 40 41
22 1 5 6 11 12 13 15 16 19 21 22 23 25 26 27 28 29 30 31 32 35 36
20 1 3 6 7 8 11 14 15 18 19 22 24 27 29 30 34 35 36 39 41
18 3 4 7 11 12 19 20 21 23 24 27 28 31 35 36 37 38 41
21 1 2 3 4 8 9 11 12 14 15 18 21 23 24 25 31 32 38 39 40 41
22 1 2 3 5 6 8 11 13 15 16 17 18 20 24 25 26 29 33 35 37 38 40
22 1 7 9 11 13 15 16 17 18 20 23 25 26 27 29 30 34 36 38 39 40 41
20 3 4 5 7 11 12 13 17 20 21 22 24 28 29 31 32 35 37 38 41
21 1 2 3 6 9 11 12 13 14 16 17 18 24 28 31 32 34 36 37 38 39
26 1 3 4 5 6 9 10 13 14 17 18 19 21 23 26 28 30 31 33 34 35 36 37 39 40 41
22 1 2 4 6 7 8 10 11 14 16 17 19 20 21 23 24 26 28 31 35 36 38
20 1 4 7 9 11 12 14 15 16 18 20 21 23 25 31 35 36 38 39 40
23 2 3 7 10 12 13 16 18 19 20 21 23 24 25 28 29 30 32 33 37 38 40 41
25 1 3 8 10 11 12 13 14 16 17 18 20 21 23 24 25 26 29 31 32 35 37 38 40 41
25 2 4 5 7 9 10 11 12 14 17 18 19 20 21 22 23 29 30 32 33 35 37 38 40 41
23 3 8 10 11 13 14 15 18 21 24 26 27 30 31 32 33 34 36 37 38 39 40 41
18 1 2 7 8 9 11 12 16 19 23 25 27 30 33 34 36 38 39
20 2 11 12 14 15 17 21 22 23 25 30 31 32 33 34 37 38 39 40 41
20 2 4 5 7 8 9 10 11 14 15 16 18 19 21 23 24 25 28 30 41
21 2 4 6 7 8 9 12 13 19 20 22 25 27 28 32 34 37 38 39 40 41
19 5 7 10 12 15 16 17 18 19 20 21 23 24 26 27 32 36 38 40
16 2 7 8 11 12 13 14 29 32 33 34 35 36 37 39 40
24 2 3 4 5 10 11 15 16 17 18 20 21 22 25 27 28 30 31 32 34 35 37 40 41
27 1 2 3 5 6 7 9 10 13 16 18 19 20 22 24 26 28 29 30 31 33 34 35 37 39 40 41
21 2 3 5 6 7 8 9 11 12 14 18 19 23 24 25 27 32 34 37 38 40
18 3 5 7 8 10 12 13 16 17 19 22 23 24 26 30 33 36 37
17 4 5 6 11 12 13 15 19 20 21 26 33 34 35 37 38 39
13 7 16 17 19 22 23 24 25 31 32 38 40 41
25 1 2 3 7 8 9 10 12 13 14 15 16 20 22 23 24 26 27 28 29 31 32 36 38 41
26 2 4 5 6 7 8 9 12 13 14 15 16 17 19 20 21 22 24 26 27 28 33 36 38 39 41
21 1 4 5 8 9 10 11 16 17 18 19 21 23 25 26 28 30 31 34 39 40
27 1 5 6 8 10 11 12 13 14 15 17 18 22 24 25 26 27 28 30 31 34 35 36 37 39 40 41
18 3 4 5 7 11 12 13 18 19 21 24 26 27 28 33 35 39 41
25 1 2 3 6 7 8 10 11 12 15 17 19 22 25 26 28 29 30 31 32 33 34 37 38 39
21 5 7 8 9 10 12 13 14 19 22 23 24 25 26 28 29 32 35 37 39 41
24 1 4 5 6 7 10 12 13 14 15 17 18 20 21 23 24 26 28 33 35 38 39 40 41
21 1 2 3 4 9 11 12 13 14 16 17 18 20 23 24 25 29 30 36 39 40
21 4 5 7 8 11 12 14 17 18 19 20 21 22 25 26 27 29 32 34 36 40
24 3 6 7 9 10 11 13 16 17 18 19 20 22 23 26 27 28 29 31 33 35 36 37 39
25 1 3 4 6 9 10 11 12 13 14 15 16 17 19 20 22 27 29 31 33 35 36 37 38 40
