27 14
namea nameb namec named namee namef nameg nameh namei namej nameba namebb namebc namebd namebe namebf namebg namebh namebi namebj nameca namecb namecc namecd namece namecf namecg
6 5 8 11 12 13 26
4 7 9 15 26
9 2 4 6 7 18 19 21 25 26
11 1 3 7 11 18 19 21 23 24 26 27
8 1 13 15 18 19 20 22 25
8 1 3 8 9 14 17 19 27
6 3 9 11 16 19 23
4 3 7 19 24
12 2 5 6 8 10 11 13 14 17 20 22 27
6 2 5 6 17 18 20
8 1 3 12 14 15 20 22 27
4 5 14 21 23
5 1 4 12 20 23
4 11 17 18 21
5 6 8 16 18 20
7 3 5 7 17 18 20 22
5 13 21 25 26 27
7 5 19 21 23 24 25 26
8 1 2 9 12 13 18 23 24
8 2 3 5 16 17 18 21 22
10 1 4 6 9 14 15 17 18 20 23
10 1 2 4 5 7 12 13 14 20 25
8 1 5 13 18 19 20 24 26
4 4 6 20 21
7 3 4 5 14 18 20 23
8 2 4 5 6 7 13 15 19
9 2 5 6 9 10 20 21 23 24
