26 23
namea nameb namec named namee namef nameg nameh namei namej nameba namebb namebc namebd namebe namebf namebg namebh namebi namebj nameca namecb namecc namecd namece namecf
10 2 3 5 6 8 17 21 23 25 26
10 6 7 9 12 15 17 21 22 25 26
9 6 12 18 20 21 22 24 25 26
8 1 11 14 18 19 21 22 23
4 11 21 24 25
12 2 8 11 12 13 15 16 17 20 21 24 25
15 3 4 6 8 9 11 12 14 15 16 17 21 23 24 26
10 6 9 11 12 14 15 20 22 23 26
12 1 4 10 14 15 17 18 19 21 22 23 25
12 1 3 5 9 12 16 17 18 20 22 24 26
7 1 6 8 13 14 23 26
8 2 7 9 14 15 18 20 23
10 3 6 8 9 10 12 16 18 21 22
12 3 4 5 8 10 12 13 17 23 24 25 26
3 1 19 25
11 2 6 11 12 13 17 18 19 24 25 26
7 1 6 12 15 19 21 23
4 4 13 16 19
7 2 5 6 15 16 22 24
8 2 4 8 9 12 24 25 26
10 2 5 6 7 9 17 18 20 22 24
10 2 5 6 14 16 18 21 24 25 26
8 3 4 5 13 14 17 21 22
9 1 5 13 15 18 21 23 25 26
10 1 6 12 13 14 15 17 18 20 21
7 2 9 16 18 19 20 25
