20 8
namea nameb namec named namee namef nameg nameh namei namej nameba namebb namebc namebd namebe namebf namebg namebh namebi namebj
4 2 3 5 14
11 1 4 5 6 8 9 12 13 17 18 20
8 2 4 5 7 9 10 11 16
5 1 5 10 18 19
8 1 2 3 4 6 9 15 18
9 4 7 8 11 12 17 18 19 20
9 1 2 3 8 13 16 17 18 19
7 1 6 9 13 15 18 20
7 5 11 13 16 17 19 20
10 1 2 3 4 5 7 8 9 13 16
14 1 2 4 5 7 8 9 13 14 15 17 18 19 20
4 6 8 13 19
6 4 7 8 9 18 19
7 3 7 9 11 13 18 20
8 4 5 6 9 13 17 19 20
11 1 3 6 7 10 11 14 15 17 18 19
13 2 3 4 6 7 8 12 14 15 16 18 19 20
9 5 6 7 10 11 13 16 19 20
10 1 4 6 10 11 12 14 16 17 18
8 1 2 4 5 7 10 17 19
