22 8
namea nameb namec named namee namef nameg nameh namei namej nameba namebb namebc namebd namebe namebf namebg namebh namebi namebj nameca namecb
5 5 7 13 14 21
7 4 6 11 16 19 20 21
6 6 8 11 12 14 19
9 2 3 9 10 13 17 18 19 20
6 2 6 7 13 20 21
10 3 5 7 11 12 13 14 15 17 22
11 2 4 8 9 11 15 16 17 18 19 22
8 7 9 10 11 13 14 15 20
7 3 5 6 10 13 14 19
7 9 13 15 16 18 20 22
8 6 7 12 13 16 17 18 22
9 4 8 10 11 13 16 18 19 22
8 1 5 6 7 9 11 15 20
8 6 8 10 12 13 16 20 21
4 2 5 8 22
8 2 4 7 8 10 14 17 21
7 4 9 11 13 14 16 18
7 5 10 12 13 15 20 22
8 1 3 5 6 8 10 12 15
9 2 10 11 12 13 15 16 21 22
10 2 5 6 8 9 11 13 14 17 18
8 2 5 6 7 8 9 19 21
