29 12
namea nameb namec named namee namef nameg nameh namei namej nameba namebb namebc namebd namebe namebf namebg namebh namebi namebj nameca namecb namecc namecd namece namecf namecg namech nameci
12 4 8 10 11 12 13 16 17 19 20 21 23
16 1 4 5 6 8 10 11 12 13 14 15 16 23 24 25 26
14 5 7 9 11 12 15 16 18 20 22 23 26 28 29
14 2 5 6 7 11 13 16 17 21 22 23 24 25 27
15 1 2 4 7 8 12 14 15 20 21 22 23 24 25 26
11 4 5 8 9 12 17 20 21 22 24 28
9 1 2 3 8 11 12 13 18 22
9 6 10 12 14 16 18 23 25 28
10 2 3 7 16 18 19 21 22 25 27
15 2 3 4 6 9 11 12 15 17 18 24 26 27 28 29
12 5 6 7 8 10 12 13 14 17 22 23 27
17 1 2 3 4 6 7 9 11 13 16 19 22 23 24 25 28 29
11 2 14 16 17 19 20 22 25 26 27 29
15 1 2 3 6 8 9 12 16 17 19 20 21 22 23 24
18 1 2 3 4 6 7 8 9 10 12 14 16 18 21 22 27 28 29
16 1 2 5 7 14 15 17 19 20 21 22 24 25 26 27 28
13 1 2 3 4 5 7 15 16 18 23 25 27 28
15 1 2 9 10 13 14 15 16 17 20 21 22 26 27 29
14 2 6 7 8 9 12 16 17 20 22 24 25 26 28
13 3 6 7 9 11 14 22 23 24 25 26 28 29
15 7 8 11 12 13 14 16 18 19 22 24 25 26 27 28
10 6 8 10 11 14 19 25 26 28 29
15 1 2 5 7 8 10 11 12 15 16 17 18 20 22 26
19 2 3 6 7 10 11 14 15 16 17 18 19 22 23 25 26 27 28 29
14 3 5 7 8 9 10 11 14 17 18 19 20 21 28
10 3 7 10 14 15 18 20 21 25 28
14 3 4 5 6 8 9 12 15 16 17 18 23 28 29
15 1 5 8 9 10 11 12 16 17 18 19 24 25 27 29
20 1 2 4 6 7 8 10 11 12 13 14 15 18 19 20 21 22 25 27 28
