21 15
namea nameb namec named namee namef nameg nameh namei namej nameba namebb namebc namebd namebe namebf namebg namebh namebi namebj nameca
11 2 5 10 11 13 15 16 17 19 20 21
12 3 5 6 8 11 12 13 15 17 18 19 21
9 2 4 5 6 7 9 13 15 18
12 2 5 7 8 11 13 14 15 17 18 19 21
14 1 2 4 7 8 10 11 13 15 16 17 18 19 21
13 1 2 3 5 7 8 9 11 14 15 16 17 18
8 5 8 9 10 17 19 20 21
13 1 2 4 6 9 11 12 14 15 17 18 20 21
8 1 2 7 8 13 14 18 19
6 3 4 6 12 18 20
10 1 3 4 5 9 10 13 16 18 20
8 1 4 6 7 13 19 20 21
15 4 5 6 7 8 9 10 12 14 15 16 17 19 20 21
7 5 7 8 9 10 15 21
7 2 7 8 10 13 18 21
10 4 5 8 10 13 14 15 17 19 20
9 1 4 7 11 13 15 16 19 21
14 1 2 4 5 7 10 12 13 14 16 17 19 20 21
10 2 4 5 6 8 10 11 12 13 20
12 1 4 5 6 9 11 12 13 15 16 18 19
14 1 2 3 4 5 6 7 9 12 13 14 16 17 19
