38 16
namea nameb namec named namee namef nameg nameh namei namej nameba namebb namebc namebd namebe namebf namebg namebh namebi namebj nameca namecb namecc namecd namece namecf namecg namech nameci namecj nameda namedb namedc namedd namede namedf namedg namedh
20 2 3 4 7 8 9 11 12 13 18 22 24 25 26 27 28 30 33 35 38
27 3 4 7 8 9 11 12 13 14 15 18 20 21 22 24 25 26 27 28 31 32 33 34 35 36 37 38
18 2 4 6 9 14 18 20 21 22 23 25 27 31 32 33 34 37 38
20 2 3 6 7 9 10 11 12 14 15 16 17 18 21 22 23 29 33 35 36
21 3 6 7 8 11 15 16 17 18 20 21 22 23 24 25 28 29 31 33 34 37
14 4 9 16 17 18 23 24 25 26 29 30 31 35 37
25 2 4 8 9 11 12 14 15 17 18 20 22 23 24 25 26 27 28 30 31 32 33 34 36 38
22 2 3 4 5 6 9 10 13 14 17 18 19 20 21 23 26 27 28 29 32 34 36
24 3 4 5 7 8 10 11 13 14 15 17 19 22 23 24 25 26 27 28 30 31 33 34 36
22 3 6 8 9 12 13 15 16 17 19 20 21 23 24 26 28 29 31 32 34 35 37
20 2 3 7 8 9 12 13 16 17 20 23 27 29 31 32 33 34 36 37 38
21 2 3 4 5 6 7 14 17 19 20 22 24 26 27 28 30 32 34 36 37 38
21 1 2 3 7 9 11 14 16 18 19 23 25 28 29 30 31 32 34 35 36 38
27 1 4 5 6 7 8 9 10 11 12 15 17 18 21 22 23 24 25 27 30 31 32 33 34 35 36 37
20 2 3 7 10 14 17 18 19 20 23 24 25 26 27 28 32 34 35 37 38
21 2 3 4 5 6 9 10 11 12 14 18 19 21 24 26 27 31 33 34 36 38
18 2 3 4 6 8 11 14 18 19 22 23 24 26 32 33 36 37 38
19 1 2 5 6 8 9 11 19 20 21 23 26 27 28 29 30 34 35 37
15 1 3 4 9 11 12 13 23 24 25 26 29 30 35 37
22 3 4 7 8 9 11 12 13 14 15 17 21 22 23 24 25 26 28 31 32 36 37
23 1 2 4 6 7 8 10 14 15 17 20 22 23 24 26 27 30 31 32 35 36 37 38
17 1 2 3 5 7 9 10 12 14 17 24 25 31 32 33 36 38
22 1 2 4 5 6 7 8 10 13 18 20 21 22 24 25 27 31 33 34 35 37 38
23 1 3 4 7 9 10 11 12 13 14 15 17 19 21 23 27 28 29 31 32 34 35 37
15 2 4 7 10 11 15 16 17 21 23 30 32 33 35 36
22 2 5 6 7 8 13 16 18 19 22 23 24 25 28 29 30 31 33 34 36 37 38
20 1 4 5 8 10 12 14 15 16 17 18 19 22 29 30 31 32 35 36 37
21 3 4 6 7 8 9 13 15 16 17 18 21 22 24 25 26 31 33 34 36 37
22 2 3 6 7 13 15 16 17 18 19 20 24 25 26 27 28 31 32 33 34 36 38
17 3 4 5 8 9 11 12 15 18 20 21 22 24 26 27 33 34
18 3 5 6 7 8 9 10 13 16 18 19 20 21 25 26 27 29 37
24 5 9 10 11 12 13 14 15 16 19 20 22 23 25 27 28 29 30 31 33 34 35 36 37
24 1 4 5 6 8 12 13 15 18 19 20 21 23 24 25 26 27 28 30 31 35 36 37 38
27 1 2 3 4 5 7 8 9 11 12 15 16 17 18 19 21 24 26 27 28 29 30 33 35 36 37 38
20 4 6 8 11 12 13 15 16 17 19 24 25 26 28 30 32 33 34 36 37
23 2 3 4 5 9 11 12 13 15 16 17 18 19 20 21 22 23 25 26 27 29 33 35
20 3 5 6 7 8 10 12 13 14 16 19 20 21 24 26 27 29 30 35 36
24 2 3 5 8 9 12 14 15 16 17 18 20 21 25 27 28 29 30 31 32 33 35 36 37
