50 40
namea nameb namec named namee namef nameg nameh namei namej nameba namebb namebc namebd namebe namebf namebg namebh namebi namebj nameca namecb namecc namecd namece namecf namecg namech nameci namecj nameda namedb namedc namedd namede namedf namedg namedh namedi namedj nameea nameeb nameec nameed nameee nameef nameeg nameeh nameei nameej
31 3 4 7 9 11 12 13 14 15 16 17 18 20 21 22 23 27 28 29 32 33 34 35 36 40 41 43 44 45 47 50
21 5 6 7 10 12 14 15 18 20 24 25 28 31 32 34 41 43 44 45 48 50
20 5 9 11 13 15 18 19 20 24 25 26 27 29 33 35 36 40 41 43 46
20 1 2 3 6 11 12 13 18 20 21 36 37 39 40 41 43 44 46 48 49
25 6 8 9 11 12 13 15 18 21 22 23 25 27 28 30 31 32 36 37 39 40 42 45 49 50
23 2 4 5 8 10 11 13 18 19 20 21 23 27 28 30 32 33 34 37 41 42 48 50
21 2 3 6 8 9 12 15 19 20 24 25 26 28 29 31 32 34 39 40 42 46
20 3 5 7 11 12 16 18 26 30 31 32 33 34 37 40 45 46 48 49 50
19 2 4 6 7 10 13 17 18 20 21 22 23 29 31 35 36 37 38 40
21 2 3 7 11 15 18 21 24 27 28 29 30 32 34 35 37 43 45 47 48 49
15 1 4 6 8 9 16 27 32 35 36 38 39 44 45 49
31 1 4 5 7 8 9 10 11 13 14 17 19 20 21 23 24 25 27 29 31 32 33 37 38 40 41 44 45 47 48 50
19 3 5 6 7 8 9 10 12 15 16 26 27 28 34 41 44 45 47 48
21 2 4 5 7 10 11 12 13 17 18 20 21 26 27 30 32 35 38 41 42 45
24 2 4 7 8 11 13 19 20 24 25 27 28 30 32 34 35 36 37 39 40 41 42 43 49
20 1 2 3 4 8 12 13 14 21 22 25 28 29 30 36 41 42 43 45 47
18 3 4 5 10 11 12 16 22 25 27 28 31 32 33 34 37 45 48
18 1 6 14 15 20 21 23 25 26 27 28 29 30 31 32 35 39 50
27 1 2 3 5 6 9 10 13 15 16 18 21 22 24 26 29 30 33 35 39 40 41 43 44 45 47 48
18 1 5 7 9 11 13 15 18 19 25 29 31 33 37 39 40 45 47
24 4 7 10 11 12 13 14 15 16 20 25 28 29 30 35 38 39 42 43 45 46 47 49 50
21 1 4 6 8 9 11 12 23 24 25 31 32 33 36 39 40 42 45 48 49 50
19 1 2 3 4 8 10 12 13 18 20 27 29 30 32 33 43 47 48 49
20 2 4 5 10 11 14 20 21 22 23 26 30 35 36 38 40 45 46 48 50
19 2 3 4 5 8 11 17 18 22 26 27 30 32 34 41 42 43 45 49
17 3 4 7 9 18 20 24 27 29 31 35 36 37 39 41 43 47
15 1 3 17 20 21 22 25 29 32 34 38 39 43 46 50
19 1 3 8 10 11 13 18 19 21 23 25 30 32 36 37 38 43 46 47
20 1 2 3 6 13 15 16 17 18 19 24 28 32 33 34 35 37 45 47 49
19 1 2 3 6 10 11 12 13 17 19 24 29 31 32 33 34 42 43 48
26 1 4 6 8 10 11 12 16 18 19 20 21 23 24 25 29 32 35 37 38 39 40 46 48 49 50
20 3 4 8 9 12 15 21 22 26 31 33 34 35 36 37 42 43 47 48 50
21 3 8 10 11 16 23 24 25 26 27 28 30 32 35 36 41 43 45 46 48 50
21 1 3 5 6 7 8 14 15 18 19 26 28 31 32 33 35 37 38 40 41 43
25 7 9 10 12 13 15 16 17 21 22 23 25 29 30 31 33 37 39 40 42 44 45 46 48 49
22 7 8 11 14 15 18 19 24 25 26 29 30 32 34 37 41 42 43 44 47 49 50
25 1 4 5 6 8 9 12 13 14 18 20 21 22 28 30 31 32 34 35 36 39 43 45 48 50
18 1 2 4 9 10 12 14 19 23 26 27 30 31 33 37 41 44 50
20 5 8 9 10 11 12 13 15 16 18 21 22 31 33 42 45 46 47 48 50
25 3 4 5 7 8 9 12 14 15 17 20 22 24 25 27 28 29 31 33 34 39 41 42 43 44
20 1 2 5 6 7 9 11 13 16 18 25 29 32 33 35 36 37 39 45 46
23 4 5 8 10 11 12 13 17 19 21 22 25 26 30 33 35 36 38 39 43 44 47 50
26 1 2 4 5 6 10 13 14 15 16 18 20 21 22 26 29 30 31 32 33 35 36 37 41 42 48
24 2 3 4 9 14 16 17 18 19 20 21 22 24 26 28 29 30 33 34 39 41 42 43 45
19 2 3 4 5 10 14 21 23 24 26 27 29 33 34 35 37 40 46 49
24 1 2 6 9 12 15 21 22 23 24 25 26 28 29 30 34 36 37 38 39 40 41 43 47
21 1 4 10 14 15 16 18 22 24 28 29 33 35 36 38 39 40 41 44 45 46
19 2 3 7 9 11 16 17 18 22 23 24 27 29 32 34 39 40 45 46
18 2 3 4 6 9 10 12 18 19 22 23 30 31 32 41 42 44 46
28 3 4 5 6 8 9 12 13 14 15 16 21 23 24 25 26 27 28 29 31 32 36 38 40 41 43 45 47
