46 30
namea nameb namec named namee namef nameg nameh namei namej nameba namebb namebc namebd namebe namebf namebg namebh namebi namebj nameca namecb namecc namecd namece namecf namecg namech nameci namecj nameda namedb namedc namedd namede namedf namedg namedh namedi namedj nameea nameeb nameec nameed nameee nameef
21 4 6 7 9 12 13 14 15 16 24 27 28 29 33 34 35 39 41 42 43 45
26 3 4 5 8 9 10 13 15 17 20 21 23 24 25 26 27 30 31 36 37 38 39 41 43 44 46
25 5 6 7 8 11 14 15 16 19 20 23 25 27 29 30 34 35 37 38 39 40 41 43 45 46
19 2 5 7 11 12 14 15 22 26 27 28 30 32 34 37 43 44 45 46
20 2 6 8 12 14 17 18 19 20 22 23 24 25 31 35 37 38 40 43 44
27 1 3 4 7 13 15 16 19 21 22 23 25 26 28 29 30 31 32 34 36 38 40 41 42 43 44 45
23 2 3 5 6 11 14 15 17 19 25 28 32 33 34 36 37 38 39 41 42 44 45 46
18 6 9 13 14 16 18 25 27 28 29 31 32 34 35 37 39 42 45
26 2 3 4 6 7 8 12 13 14 15 16 17 18 22 23 24 26 27 29 32 34 35 36 39 41 46
19 1 5 7 9 16 18 20 21 23 26 29 30 32 33 34 35 40 41 46
23 3 4 5 6 13 14 15 17 19 22 23 24 27 28 32 33 34 38 40 41 43 44 46
19 6 7 8 9 13 14 17 19 22 23 25 26 28 31 37 38 42 44 45
24 2 3 4 8 10 11 14 15 16 17 18 19 21 22 24 25 27 36 37 40 41 42 43 44
22 3 4 7 8 9 11 15 17 19 20 21 23 24 27 28 29 30 31 35 41 45 46
24 1 3 4 5 6 9 10 13 16 18 22 24 25 26 27 28 29 30 33 34 40 41 42 43
23 3 9 12 13 15 19 21 22 23 24 26 27 29 30 32 33 36 39 40 41 42 44 46
26 2 3 4 5 8 11 14 15 16 19 20 21 23 24 25 28 30 31 32 34 37 39 40 41 44 45
22 3 4 5 7 8 10 17 19 20 22 25 27 28 30 31 32 34 35 39 40 41 44
30 2 4 5 8 9 10 12 13 15 16 18 20 21 23 24 26 27 29 30 31 34 36 37 39 41 42 43 44 45 46
24 1 4 5 8 9 12 14 17 21 22 23 24 25 26 28 29 30 32 36 37 39 41 45 46
25 2 4 12 13 14 15 19 20 23 24 25 26 27 29 31 32 33 34 36 37 38 39 40 41 42
24 1 2 3 6 8 9 11 12 14 16 18 19 24 26 27 28 32 36 39 40 42 44 45 46
21 5 6 8 10 17 18 19 20 26 27 28 29 30 31 33 34 36 40 42 43 46
25 2 3 7 9 11 12 13 15 16 17 19 20 21 23 25 26 30 33 34 36 38 41 42 45 46
31 2 6 7 9 10 11 12 13 15 17 18 20 21 22 24 26 27 28 29 32 34 35 36 37 38 41 42 43 44 45 46
25 1 2 3 4 5 7 8 14 16 17 19 22 24 25 28 29 30 31 32 34 35 37 39 44 45
21 3 5 6 7 10 11 12 14 16 17 21 23 28 29 30 31 34 35 36 39 42
19 4 6 9 10 11 13 16 17 21 22 23 25 26 27 31 36 38 43 45
22 3 4 5 7 10 12 13 14 16 17 18 20 23 24 27 32 33 34 35 37 39 43
26 3 4 5 9 10 13 15 16 18 20 21 22 25 27 29 31 32 33 35 36 37 39 41 42 44 45
21 4 5 6 7 10 11 12 16 17 18 19 20 22 26 27 30 35 38 39 42 43
23 1 5 9 10 13 16 17 19 20 23 24 25 28 29 34 37 38 40 42 43 44 45 46
23 1 2 6 7 9 13 14 15 17 18 19 23 24 26 30 35 36 37 38 39 40 44 46
29 2 3 4 5 6 8 10 11 12 13 14 16 18 19 22 23 25 26 27 29 31 32 35 37 38 39 40 42 43
18 2 3 4 9 10 13 19 21 26 28 30 31 36 39 40 43 45 46
23 1 3 6 7 8 11 12 13 14 17 19 20 21 22 23 24 25 30 32 35 39 42 43
24 1 2 6 7 8 9 14 15 16 18 22 23 24 25 27 29 31 33 35 39 40 44 45 46
22 1 3 5 9 10 11 13 18 19 23 24 31 32 33 34 37 39 40 41 43 45 46
24 2 4 5 6 7 8 9 12 13 14 15 16 17 20 21 22 23 27 30 31 34 35 38 40
22 1 3 7 9 11 12 13 14 18 21 22 27 28 29 30 31 32 33 38 39 41 44
21 3 4 5 6 8 9 13 14 15 19 20 21 22 25 29 32 35 37 40 43 45
28 2 5 6 8 9 10 11 12 13 15 17 18 19 20 21 23 24 25 27 33 36 37 39 40 43 44 45 46
26 2 4 5 8 9 10 11 13 15 17 18 19 22 23 24 28 29 32 33 36 37 39 40 41 45 46
28 1 2 3 4 7 8 9 12 13 14 15 17 18 19 20 27 29 30 31 35 36 37 39 40 41 42 43 45
27 4 6 7 9 10 11 12 13 16 17 18 19 20 21 22 23 26 27 28 31 32 33 35 37 41 44 46
21 4 8 10 12 13 14 15 19 23 24 25 26 27 28 30 31 36 37 38 41 45
