46 27
namea nameb namec named namee namef nameg nameh namei namej nameba namebb namebc namebd namebe namebf namebg namebh namebi namebj nameca namecb namecc namecd namece namecf namecg namech nameci namecj nameda namedb namedc namedd namede namedf namedg namedh namedi namedj nameea nameeb nameec nameed nameee nameef
24 2 3 4 5 7 13 14 17 18 21 22 23 24 25 26 29 33 37 38 40 41 42 45 46
26 1 3 7 9 10 13 15 16 18 19 21 26 27 28 31 32 33 34 35 36 38 41 42 43 44 45
25 4 6 7 8 10 11 14 16 18 21 24 25 26 28 29 30 31 33 35 37 40 41 42 44 45
21 6 11 13 14 16 17 18 21 22 23 24 25 26 31 32 35 36 38 39 40 46
24 3 6 7 9 13 14 16 17 18 20 23 24 26 27 29 30 31 35 38 40 42 43 44 46
23 3 7 9 11 13 14 20 21 24 25 26 28 29 32 33 34 37 39 41 42 44 45 46
20 3 4 5 10 11 16 18 19 21 24 25 26 30 33 34 40 41 43 45 46
25 1 3 9 10 11 14 15 16 17 18 19 20 21 22 23 25 26 28 30 31 32 34 41 42 46
27 2 3 4 7 10 13 17 18 19 20 22 25 26 27 29 31 32 35 36 38 39 40 41 42 44 45 46
23 2 3 4 11 12 13 14 15 18 19 20 24 26 29 30 34 35 36 37 39 41 42 46
23 1 6 7 8 12 13 14 15 16 20 21 24 27 28 31 33 34 35 38 40 41 43 44
25 1 5 7 8 10 15 17 19 20 22 24 25 26 27 28 29 30 31 32 37 38 40 42 44 45
25 1 2 3 7 10 12 17 18 19 22 23 25 26 27 28 29 30 31 32 34 36 38 39 40 46
24 1 2 7 10 12 15 17 18 21 22 23 24 26 27 28 29 31 32 35 37 39 42 45 46
22 1 4 7 10 11 12 13 22 25 26 28 30 32 33 35 36 38 40 42 44 45 46
26 1 4 5 7 9 10 11 12 14 18 20 21 22 24 25 27 29 34 37 38 40 42 43 44 45 46
15 3 6 14 16 20 21 26 33 36 38 40 41 42 44 45
24 5 9 10 13 15 16 19 20 21 23 24 26 28 29 30 32 33 36 38 40 41 44 45 46
23 2 4 6 7 8 10 12 13 14 15 17 20 25 26 28 31 32 37 39 40 43 44 45
26 1 2 3 4 5 6 11 12 14 15 16 17 18 19 22 23 25 28 29 34 35 36 37 38 41 46
24 1 3 5 6 7 8 15 19 22 24 25 27 28 30 33 34 35 37 40 42 43 44 45 46
26 3 5 6 8 10 11 12 13 14 15 17 19 21 24 25 26 28 29 31 35 36 37 38 40 41 43
15 2 9 11 12 19 24 26 29 33 37 38 39 41 43 44
23 1 2 4 6 7 9 12 15 17 19 22 23 31 32 33 34 35 38 40 41 42 44 46
23 1 2 3 4 6 8 11 12 14 15 19 23 24 26 27 28 31 34 35 37 41 44 46
19 3 4 11 14 18 19 21 24 25 28 35 36 37 39 41 42 43 44 45
22 3 6 8 10 14 16 19 21 23 24 25 26 29 30 32 33 35 38 39 41 44 46
20 4 5 7 8 9 10 13 14 16 19 20 22 23 25 26 27 33 35 40 42
18 2 5 8 11 13 14 16 21 23 25 26 31 33 34 39 41 44 46
27 1 2 4 6 7 8 9 12 13 15 16 17 18 20 21 22 23 27 29 35 36 37 38 41 42 43 45
16 2 3 6 7 16 17 23 24 26 28 30 32 38 39 45 46
17 5 6 15 17 22 23 25 27 28 29 31 33 38 42 43 44 45
27 1 3 4 6 8 9 14 15 16 17 18 19 21 22 24 25 27 28 29 32 36 40 42 43 44 45 46
24 2 5 6 7 11 13 15 17 19 20 21 23 24 26 27 29 30 39 40 41 42 43 44 45
28 2 4 6 7 8 9 11 13 14 15 16 17 18 19 20 21 23 24 27 28 29 34 38 40 42 43 45 46
18 2 5 6 9 11 12 16 18 19 22 25 30 33 34 37 41 42 43
18 1 2 5 9 11 21 22 23 24 26 28 29 32 33 35 41 45 46
24 1 3 6 7 9 10 15 16 17 18 19 21 22 23 24 25 26 31 34 35 37 43 44 46
20 2 3 6 8 9 10 11 19 20 22 23 24 27 28 30 32 33 35 38 45
24 2 4 5 7 9 13 16 17 18 22 24 26 27 28 30 31 32 35 36 38 39 41 42 46
21 1 2 4 5 6 7 10 11 17 18 19 24 28 30 32 37 38 39 43 44 46
23 2 4 7 8 9 10 11 12 13 15 17 21 23 24 26 27 31 34 35 38 39 41 44
22 2 7 9 13 14 17 18 19 21 23 24 25 26 28 29 32 34 35 36 37 39 44
21 5 8 10 11 14 16 17 19 23 25 26 27 28 29 30 34 35 37 41 43 46
30 5 6 7 8 10 12 14 15 16 18 19 20 21 22 23 24 25 26 27 28 29 30 31 32 37 38 40 41 42 43
22 1 3 4 7 8 9 14 18 21 22 25 28 30 31 37 38 39 40 42 43 44 45
