27 16
namea nameb namec named namee namef nameg nameh namei namej nameba namebb namebc namebd namebe namebf namebg namebh namebi namebj nameca namecb namecc namecd namece namecf namecg
9 5 10 18 19 23 24 25 26 27
6 4 10 17 20 25 26
10 4 6 9 11 13 17 18 20 22 24
13 2 3 5 8 9 14 18 20 21 24 25 26 27
8 2 11 12 14 21 22 25 26
10 3 4 11 12 15 19 20 21 22 25
7 1 3 6 17 18 23 27
10 1 10 14 15 17 19 20 24 25 26
9 2 3 4 6 7 10 11 12 14
11 2 5 6 11 13 14 15 17 21 22 27
12 1 2 3 9 10 13 14 18 20 24 26 27
9 2 4 6 8 11 18 19 21 27
7 1 7 10 11 16 18 21
9 5 7 9 10 12 16 17 19 22
10 2 4 6 8 9 13 19 20 23 27
10 1 3 6 9 10 11 14 17 18 22
7 2 4 6 11 13 20 22
7 2 3 10 16 20 21 25
12 1 5 6 11 13 14 16 18 20 22 23 24
5 8 13 15 23 25
9 1 2 6 7 12 16 17 18 25
10 1 2 4 11 16 18 19 21 23 27
5 10 12 17 25 26
7 3 5 8 9 16 25 26
8 1 5 12 13 17 22 23 27
11 2 4 7 8 12 14 15 16 20 25 27
7 9 12 18 20 22 25 26
