27 15
namea nameb namec named namee namef nameg nameh namei namej nameba namebb namebc namebd namebe namebf namebg namebh namebi namebj nameca namecb namecc namecd namece namecf namecg
12 4 6 8 11 13 14 15 16 20 22 25 26
13 1 4 5 6 7 8 9 13 17 21 23 24 25
10 1 2 9 10 14 18 22 23 24 26
13 5 6 7 8 9 10 12 14 16 17 20 21 26
8 2 3 16 17 20 21 22 23
14 4 5 7 10 11 13 14 15 16 20 23 24 25 26
14 1 2 5 6 8 9 10 14 17 18 19 20 25 27
13 4 6 7 11 13 14 15 17 18 20 22 25 27
10 4 5 14 15 16 18 19 23 24 27
8 4 9 12 13 16 22 23 27
7 3 8 9 10 12 17 18
11 1 3 6 10 13 14 16 19 22 26 27
12 3 5 6 8 11 12 14 16 17 18 19 21
11 4 11 13 15 18 19 20 22 24 26 27
10 2 4 8 10 16 17 18 20 21 24
11 5 7 8 10 11 14 15 17 20 22 26
15 2 3 4 5 7 9 10 11 12 13 14 15 16 18 23
12 2 3 4 8 10 13 15 16 17 19 22 23
18 1 4 5 7 8 9 11 12 14 16 17 20 21 23 24 25 26 27
15 3 4 5 6 7 11 12 13 16 18 19 22 25 26 27
17 1 2 3 4 5 11 12 13 14 15 16 19 20 22 23 25 27
17 1 2 3 4 5 8 10 11 12 16 17 18 19 20 21 25 26
8 2 8 9 11 13 16 18 21
13 1 5 6 8 9 12 15 17 19 23 25 26 27
11 6 7 9 10 13 15 16 18 19 20 26
13 1 3 4 6 8 9 12 13 15 16 19 22 24
14 1 2 5 6 7 10 13 16 19 21 22 24 25 26
