37 36
namea nameb namec named namee namef nameg nameh namei namej nameba namebb namebc namebd namebe namebf namebg namebh namebi namebj nameca namecb namecc namecd namece namecf namecg namech nameci namecj nameda namedb namedc namedd namede namedf namedg
11 10 12 15 18 19 20 21 33 34 36 37
9 3 11 18 20 21 30 31 33 36
8 4 8 10 13 17 30 34 37
9 3 7 10 13 14 17 19 26 33
3 3 17 34
7 11 15 16 25 28 34 37
8 2 8 10 17 19 25 30 34
2 6 24
6 4 6 7 13 31 33
12 6 8 12 15 16 17 19 21 22 27 30 34
3 2 23 34
10 1 3 5 10 24 29 30 33 35 36
9 1 4 6 9 10 14 31 34 37
6 10 11 13 18 29 32
11 2 3 9 11 20 25 27 31 32 34 36
5 9 11 18 20 37
9 3 7 11 13 20 22 26 28 31
9 3 5 11 14 22 25 26 34 36
8 3 10 25 26 29 33 34 35
8 3 6 19 21 24 26 33 34
2 1 26
8 2 9 10 18 19 26 29 35
12 2 3 4 5 13 17 24 25 29 32 33 34
11 11 12 18 19 25 26 28 30 32 36 37
7 3 8 19 21 27 34 35
8 8 13 15 17 20 21 24 32
5 5 26 30 31 36
5 5 10 18 24 30
9 10 12 14 18 21 27 30 31 37
5 6 23 26 31 36
1 24
5 1 7 12 22 37
6 7 14 20 22 24 26
10 2 8 10 14 15 18 21 22 26 29
7 1 5 12 15 20 33 34
5 20 25 28 29 30
6 2 4 5 9 23 36
