29 27
namea nameb namec named namee namef nameg nameh namei namej nameba namebb namebc namebd namebe namebf namebg namebh namebi namebj nameca namecb namecc namecd namece namecf namecg namech nameci
10 2 3 10 12 13 15 19 20 24 25
15 4 5 7 8 9 10 11 12 13 15 16 21 22 24 25
12 1 9 10 11 13 14 17 20 22 23 24 28
11 2 5 6 8 12 16 22 24 25 28 29
14 1 3 7 9 11 15 16 17 18 20 23 26 27 28
10 2 4 5 8 11 12 13 16 20 28
13 2 3 5 6 8 10 14 15 16 17 18 20 28
13 1 4 5 6 12 14 15 18 22 24 25 27 29
15 2 3 5 7 8 10 12 14 15 16 18 21 23 25 29
12 2 7 11 12 14 20 22 23 24 26 27 28
16 1 2 7 8 9 10 12 15 16 17 19 20 21 22 25 28
15 3 5 6 7 9 10 15 16 18 20 22 23 24 26 29
12 1 6 7 10 11 15 20 21 22 25 26 27
17 1 2 3 5 6 7 8 9 10 11 18 19 21 26 27 28 29
14 3 7 8 10 12 16 17 19 21 23 24 26 27 28
13 1 2 4 5 7 14 17 18 21 22 23 26 27
7 5 6 11 20 22 23 29
11 2 5 9 15 17 19 20 21 24 25 28
11 1 2 6 7 10 11 15 17 23 24 28
19 1 2 3 4 6 8 9 10 11 12 14 15 16 18 24 25 26 27 29
16 2 3 4 12 13 14 15 19 22 23 24 25 26 27 28 29
15 3 5 6 7 9 10 13 14 16 17 20 21 27 28 29
18 1 2 3 5 7 8 11 14 16 17 19 20 22 24 25 26 27 29
14 3 6 7 9 10 11 13 14 20 21 23 25 26 28
18 1 2 4 6 7 8 9 10 13 15 16 17 18 22 23 24 27 29
12 1 3 7 8 14 15 16 17 18 23 27 29
18 2 9 10 11 12 14 15 16 17 19 20 21 22 23 25 26 28 29
17 1 2 3 6 7 8 10 11 14 15 17 18 21 22 24 25 26
13 1 3 5 7 13 15 16 20 21 23 26 27 28
