41 17
namea nameb namec named namee namef nameg nameh namei namej nameba namebb namebc namebd namebe namebf namebg namebh namebi namebj nameca namecb namecc namecd namece namecf namecg namech nameci namecj nameda namedb namedc namedd namede namedf namedg namedh namedi namedj nameea
24 4 6 9 10 11 12 13 14 17 19 20 22 24 25 26 27 28 31 32 34 35 37 40 41
17 3 4 9 10 13 14 15 16 17 20 26 28 29 33 37 38 39
26 2 4 5 7 8 10 12 13 15 16 19 21 24 25 26 27 29 30 31 32 33 34 35 39 40 41
20 1 5 6 8 15 16 17 18 19 21 22 24 27 30 33 35 36 38 39 41
21 1 7 9 10 12 13 18 19 21 22 23 24 25 26 27 28 32 37 38 39 41
19 1 4 8 9 10 11 12 13 14 18 19 21 24 29 31 32 34 38 41
23 1 2 4 6 8 11 13 14 15 18 19 21 22 23 26 27 29 32 33 36 37 40 41
20 1 2 6 10 11 12 13 14 15 17 19 20 21 23 25 26 29 33 39 41
18 2 4 5 6 8 10 14 15 16 19 21 23 24 31 35 37 39 40
20 2 4 5 7 11 12 13 15 21 22 24 25 27 30 31 33 34 35 37 39
20 1 3 5 8 10 12 13 14 15 16 19 20 22 23 26 29 31 32 36 37
25 1 4 6 7 10 13 15 16 17 18 19 22 23 24 26 29 31 32 33 35 36 38 39 40 41
23 4 9 10 11 14 16 17 18 20 21 23 25 27 28 29 30 31 33 34 35 36 40 41
20 1 3 4 7 8 12 15 18 19 21 24 26 27 28 29 33 35 36 38 41
20 1 3 5 7 8 12 16 17 19 20 21 22 26 30 33 35 36 37 39 40
15 3 7 12 18 20 22 25 27 28 30 31 36 37 38 41
23 1 2 3 7 10 11 12 13 16 18 20 21 22 23 25 26 27 30 34 37 38 39 40
22 2 3 5 8 9 10 12 13 14 15 16 19 20 22 24 26 27 30 31 32 35 40
24 1 2 7 8 9 10 11 12 13 16 17 18 20 21 22 24 27 28 30 31 33 35 37 41
20 3 4 7 8 10 11 12 16 18 25 26 27 30 31 32 34 35 36 38 40
18 1 3 6 8 12 16 17 20 23 27 29 30 31 33 34 38 40 41
20 3 4 7 9 13 14 15 17 18 19 20 23 24 30 31 33 34 35 38 40
24 1 2 4 5 6 9 11 12 13 14 17 19 22 25 26 29 30 31 35 36 37 38 39 40
17 1 2 6 7 8 9 14 15 16 18 21 23 25 26 27 28 38
24 1 3 4 5 6 10 11 12 13 16 20 21 22 23 26 27 28 31 34 35 37 38 40 41
19 3 4 5 7 11 12 13 14 17 19 22 23 24 27 30 32 33 35 41
23 2 3 9 12 13 14 17 18 19 20 24 26 29 30 31 32 34 35 37 38 39 40 41
20 4 5 6 7 9 10 13 15 18 21 23 27 29 30 32 34 35 38 39 40
22 1 2 3 7 8 13 14 15 17 19 20 21 24 25 27 28 31 34 36 38 39 41
18 1 2 3 5 7 8 10 11 12 17 20 21 22 23 25 34 38 41
18 1 2 5 6 7 13 17 18 21 23 24 28 30 32 33 36 39 41
21 3 6 7 9 10 12 14 15 16 17 19 20 23 24 28 30 35 36 37 38 40
21 1 2 4 5 7 9 10 14 15 19 20 21 22 27 28 32 34 36 37 38 39
23 1 2 4 6 7 9 10 13 14 15 16 17 20 21 22 24 25 28 29 30 36 38 40
20 1 4 10 13 14 18 19 20 21 22 23 24 26 29 31 32 33 36 37 40
20 1 2 3 5 6 7 12 17 20 24 26 28 29 30 31 32 33 38 40 41
24 1 2 3 4 5 6 10 11 13 14 15 16 17 21 23 25 27 30 31 32 34 36 39 41
21 3 9 12 13 14 15 17 18 19 20 23 24 26 30 31 32 33 34 37 39 40
19 1 2 3 7 8 13 16 17 18 20 22 27 28 29 32 33 35 37 38
21 7 9 10 11 12 14 17 18 19 21 23 25 26 27 28 29 30 32 35 37 41
21 3 4 5 6 10 12 13 15 16 17 19 22 24 25 27 29 31 35 36 39 40
