34 24
namea nameb namec named namee namef nameg nameh namei namej nameba namebb namebc namebd namebe namebf namebg namebh namebi namebj nameca namecb namecc namecd namece namecf namecg namech nameci namecj nameda namedb namedc namedd
10 4 6 9 13 17 18 21 23 24 29
8 3 5 7 8 9 19 30 34
12 2 4 13 15 16 19 20 21 23 24 26 30
8 3 10 16 19 23 25 31 32
5 4 10 20 21 23
9 5 8 10 11 13 14 26 27 32
5 8 21 25 26 33
8 4 6 9 14 17 22 24 33
4 6 7 27 33
4 6 7 20 34
13 3 5 7 9 10 12 13 14 17 23 29 31 34
7 2 6 7 16 24 28 34
8 1 4 9 12 17 22 30 32
7 5 7 21 23 28 30 31
8 2 5 13 20 21 23 28 34
8 1 3 4 6 7 8 9 19
6 1 11 14 16 22 25
6 13 21 25 26 31 32
6 1 4 12 16 20 21
4 10 11 27 33
5 12 22 23 27 34
9 9 12 14 15 17 21 29 33 34
9 3 5 8 16 22 24 25 29 33
9 3 6 10 11 15 16 26 31 34
8 4 5 6 7 15 23 24 30
10 1 3 4 10 12 16 17 18 21 32
5 2 7 16 19 33
8 2 11 12 16 21 22 27 32
6 2 4 6 9 16 25
5 3 7 9 25 33
11 2 3 5 8 9 14 18 20 22 26 28
8 7 9 12 17 23 24 27 31
9 1 5 12 13 14 16 19 20 34
7 2 5 6 11 20 30 32
