25 3
namea nameb namec named namee namef nameg nameh namei namej nameba namebb namebc namebd namebe namebf namebg namebh namebi namebj nameca namecb namecc namecd namece
7 3 8 10 11 14 15 18
8 1 3 10 13 14 17 19 24
9 1 5 6 12 15 16 20 23 24
8 1 2 9 12 18 22 24 25
9 1 2 3 6 10 15 21 24 25
9 1 8 10 18 19 20 21 23 24
14 1 2 4 6 8 9 11 13 15 16 17 18 22 24
14 4 5 6 7 9 10 11 13 16 18 19 20 21 24
16 3 5 7 8 10 11 12 13 14 16 17 18 20 21 23 24
7 1 5 8 13 17 22 25
10 1 6 12 14 15 17 20 21 22 24
5 3 4 7 11 16
13 5 6 9 10 11 12 15 16 17 18 19 20 25
11 2 5 6 8 9 10 15 16 18 19 24
12 1 4 5 6 7 11 13 17 18 19 23 25
10 1 4 10 11 14 15 18 19 20 24
14 1 2 3 4 5 10 11 13 15 19 20 23 24 25
5 1 3 5 9 24
12 2 6 7 8 11 13 14 15 18 21 24 25
9 1 2 5 8 11 12 14 16 25
11 3 5 6 7 8 9 10 11 16 19 22
12 2 3 4 6 9 14 16 17 19 20 21 24
13 3 4 5 6 9 10 11 12 13 15 16 21 25
8 5 7 8 10 16 18 19 25
11 3 5 6 8 13 16 19 20 22 23 24
