19
4 0
0 2
2 2
2 4
4 4
5 4
10 10
12 35
64 60
3 7
100 857
1 2
1 3
1 4
1 5
5 2
0 5
0 10
0 20
0 50
0 25
3 4
1 2
1 0
1 1
10 30
10 0
30 0
0 35
40 35
20 50
15 20
25 20
10 30
30 30
20 40
1 4
1 5
1 7
1 8
1 9
1 10
2 3
2 5
2 6
2 8
2 9
2 10
3 4
3 6
3 7
3 9
3 10
4 6
4 7
4 8
4 10
5 6
5 7
5 8
5 9
6 7
6 8
7 9
8 10
9 10
10 29
10 10
20 10
30 10
40 10
50 10
10 50
20 50
30 50
40 50
50 50
1 3
1 4
1 5
1 6
1 7
1 8
1 9
2 4
2 5
2 6
2 7
2 8
2 9
3 5
3 6
3 7
3 8
3 9
4 6
4 7
4 8
4 9
5 6
5 7
5 8
5 9
6 8
6 9
7 9
5 0
0 10
0 20
0 30
20 20
20 30
5 0
10 10
10 30
20 20
30 10
30 30
6 6
100 300
100 200
100 100
300 100
300 200
300 300
1 2
1 3
2 3
4 5
4 6
5 6
10 20
100 100
100 200
100 300
100 400
100 500
600 100
600 200
600 300
600 400
600 500
1 2
1 3
1 4
1 5
2 3
2 4
2 5
3 4
3 5
4 5
6 7
6 8
6 9
6 10
7 8
7 9
7 10
8 9
8 10
9 10
10 0
100 100
100 500
100 900
300 300
300 700
500 100
500 500
500 900
700 300
700 700
5 10
10 10
10 30
0 20
40 20
20 30
1 2
1 3
1 4
1 5
2 3
2 4
2 5
3 4
3 5
4 5
5 5
30 30
30 60
60 80
80 35
60 20
1 3
1 4
2 4
2 5
3 5
8 19
10 10
0 20
20 20
10 30
60 10
50 20
70 20
60 30
1 4
1 5
1 6
1 7
1 8
2 3
2 5
2 6
2 7
2 8
3 5
3 7
3 8
4 5
4 6
4 7
4 8
5 8
6 7
4 3
10 10
20 10
10 20
20 20
2 3
2 4
3 4
5 4
2 4
1 4
1 1
4 2
4 1
1 4
1 5
2 4
2 5
6 8
1 1
3 1
5 1
4 3
2 4
1 4
1 3
2 5
2 6
3 4
3 5
3 6
4 5
4 6
7 13
3 2
2 1
4 1
5 2
4 3
2 3
1 2
1 4
1 7
2 3
2 4
2 5
2 6
3 5
3 6
3 7
4 6
4 7
5 6
5 7
10 33
5 2
3 2
1 2
2 3
3 4
2 1
4 1
4 3
7 2
6 1
1 2
1 3
1 4
1 5
1 6
1 10
2 3
2 5
2 9
2 10
3 5
3 7
3 8
3 9
3 10
4 6
4 7
4 8
4 9
4 10
5 6
5 7
5 9
5 10
6 7
6 8
6 9
6 10
7 8
7 9
8 9
8 10
9 10
